0001_0299_0130_0280_0280.jpg 1 299 130 280 280
0002_0121_0187_0213_0213.jpg 1 121 187 213 213
0003_0046_0034_0079_0079.jpg 1 46 34 79 79
0004_0054_0033_0205_0205.jpg 1 54 33 205 205
0005_0119_0070_0121_0121.jpg 1 119 70 121 121
0006_0386_0061_0151_0151.jpg 1 386 61 151 151
0007_0110_0066_0150_0150.jpg 1 110 66 150 150
0008_0228_0082_0192_0192.jpg 1 228 82 192 192
0009_0044_0043_0138_0138.jpg 1 44 43 138 138
0010_0087_0073_0083_0083.jpg 1 87 73 83 83
0011_0198_0063_0050_0050.jpg 1 198 63 50 50
0012_0046_0089_0078_0078.jpg 1 46 89 78 78
0013_0129_0106_0305_0305.jpg 1 129 106 305 305
0014_0023_0055_0121_0121.jpg 1 23 55 121 121
0015_0066_0064_0141_0141.jpg 1 66 64 141 141
0016_0095_0072_0159_0159.jpg 1 95 72 159 159
0017_0026_0108_0111_0111.jpg 1 26 108 111 111
0018_0034_0079_0084_0084.jpg 1 34 79 84 84
0019_0134_0044_0248_0248.jpg 1 134 44 248 248
0020_0031_0081_0141_0141.jpg 1 31 81 141 141
0021_0024_0044_0153_0153.jpg 1 24 44 153 153
0022_0105_0100_0110_0110.jpg 1 105 100 110 110
0023_0270_0032_0263_0263.jpg 1 270 32 263 263
0024_0095_0033_0323_0323.jpg 1 95 33 323 323
0025_0082_0061_0311_0311.jpg 1 82 61 311 311
0026_0240_0140_0238_0238.jpg 1 240 140 238 238
0027_0029_0090_0068_0068.jpg 1 29 90 68 68
0028_0162_0131_0327_0327.jpg 1 162 131 327 327
0029_0023_0065_0166_0166.jpg 1 23 65 166 166
0030_0032_0125_0096_0096.jpg 1 32 125 96 96
0031_0158_0066_0105_0105.jpg 1 158 66 105 105
0032_0099_0110_0081_0081.jpg 1 99 110 81 81
0033_0055_0133_0287_0287.jpg 1 55 133 287 287
0034_0080_0075_0143_0143.jpg 1 80 75 143 143
0035_0407_0210_0067_0067.jpg 1 407 210 67 67
0036_0263_0203_0210_0210.jpg 1 263 203 210 210
0037_0073_0012_0117_0117.jpg 1 73 12 117 117
0038_0261_0118_0329_0329.jpg 1 261 118 329 329
0039_0067_0035_0133_0133.jpg 1 67 35 133 133
0040_0044_0043_0292_0292.jpg 1 44 43 292 292
0041_0091_0153_0059_0059.jpg 1 91 153 59 59
0042_0178_0182_0253_0253.jpg 1 178 182 253 253
0043_0246_0024_0311_0311.jpg 1 246 24 311 311
0044_0055_0028_0155_0155.jpg 1 55 28 155 155
0045_0128_0057_0150_0150.jpg 1 128 57 150 150
0046_0099_0168_0095_0095.jpg 1 99 168 95 95
0047_0186_0078_0232_0232.jpg 1 186 78 232 232
0048_0049_0063_0292_0292.jpg 1 49 63 292 292
0049_0291_0102_0140_0140.jpg 1 291 102 140 140
0050_0286_0046_0267_0267.jpg 1 286 46 267 267
0051_0057_0081_0082_0082.jpg 1 57 81 82 82
0052_0310_0121_0260_0260.jpg 1 310 121 260 260
0053_0046_0083_0111_0111.jpg 1 46 83 111 111
0054_0128_0078_0078_0078.jpg 1 128 78 78 78
0055_0074_0013_0148_0148.jpg 1 74 13 148 148
0056_0335_0231_0156_0156.jpg 1 335 231 156 156
0057_0041_0099_0125_0125.jpg 1 41 99 125 125
0058_0071_0150_0298_0298.jpg 1 71 150 298 298
0059_0146_0188_0088_0088.jpg 1 146 188 88 88
0060_0142_0051_0130_0130.jpg 1 142 51 130 130
0061_0057_0045_0071_0071.jpg 1 57 45 71 71
0062_0088_0045_0136_0136.jpg 1 88 45 136 136
0063_0088_0014_0120_0120.jpg 1 88 14 120 120
0064_0081_0043_0142_0142.jpg 1 81 43 142 142
0065_0129_0076_0284_0284.jpg 1 129 76 284 284
0066_0023_0295_0284_0284.jpg 1 23 295 284 284
0067_0037_0099_0069_0069.jpg 1 37 99 69 69
0068_0039_0053_0301_0301.jpg 1 39 53 301 301
0069_0069_0032_0054_0054.jpg 1 69 32 54 54
0070_0422_0281_0090_0090.jpg 1 422 281 90 90
0071_0056_0058_0232_0232.jpg 1 56 58 232 232
0072_0056_0153_0296_0296.jpg 1 56 153 296 296
0073_0273_0172_0097_0097.jpg 1 273 172 97 97
0074_0029_0044_0109_0109.jpg 1 29 44 109 109
0075_0112_0061_0332_0332.jpg 1 112 61 332 332
0076_0046_0021_0159_0159.jpg 1 46 21 159 159
0077_0377_0194_0160_0160.jpg 1 377 194 160 160
0078_0227_0280_0130_0130.jpg 1 227 280 130 130
0079_0107_0101_0053_0053.jpg 1 107 101 53 53
0080_0045_0105_0080_0080.jpg 1 45 105 80 80
0081_0041_0022_0053_0053.jpg 1 41 22 53 53
0082_0044_0024_0053_0053.jpg 1 44 24 53 53
0083_0072_0098_0111_0111.jpg 1 72 98 111 111
0084_0276_0394_0067_0067.jpg 1 276 394 67 67
0085_0078_0081_0168_0168.jpg 1 78 81 168 168
0086_0432_0152_0143_0143.jpg 1 432 152 143 143
0087_0074_0156_0182_0182.jpg 1 74 156 182 182
0088_0128_0115_0063_0063.jpg 1 128 115 63 63
0089_0089_0071_0062_0062.jpg 1 89 71 62 62
0090_0479_0254_0088_0088.jpg 1 479 254 88 88
0091_0045_0049_0112_0112.jpg 1 45 49 112 112
0092_0078_0294_0291_0291.jpg 1 78 294 291 291
0093_0154_0035_0262_0262.jpg 1 154 35 262 262
0094_0143_0071_0087_0087.jpg 1 143 71 87 87
0095_0107_0064_0130_0130.jpg 1 107 64 130 130
0096_0183_0122_0087_0087.jpg 1 183 122 87 87
0097_0074_0142_0211_0211.jpg 1 74 142 211 211
0098_0044_0076_0150_0150.jpg 1 44 76 150 150
0099_0033_0027_0078_0078.jpg 1 33 27 78 78
0100_0305_0225_0223_0223.jpg 1 305 225 223 223
0101_0017_0160_0061_0061.jpg 1 17 160 61 61
0102_0114_0045_0101_0101.jpg 1 114 45 101 101
0103_0384_0085_0113_0113.jpg 1 384 85 113 113
0104_0106_0142_0300_0300.jpg 1 106 142 300 300
0105_0151_0052_0127_0127.jpg 1 151 52 127 127
0106_0181_0403_0117_0117.jpg 1 181 403 117 117
0107_0067_0104_0310_0310.jpg 1 67 104 310 310
0108_0010_0031_0164_0164.jpg 1 10 31 164 164
0109_0087_0088_0108_0108.jpg 1 87 88 108 108
0110_0097_0051_0120_0120.jpg 1 97 51 120 120
0111_0139_0129_0284_0284.jpg 1 139 129 284 284
0112_0123_0077_0123_0123.jpg 1 123 77 123 123
0113_0368_0117_0148_0148.jpg 1 368 117 148 148
0114_0120_0056_0049_0049.jpg 1 120 56 49 49
0115_0058_0131_0136_0136.jpg 1 58 131 136 136
0116_0192_0045_0054_0054.jpg 1 192 45 54 54
0117_0173_0166_0054_0054.jpg 1 173 166 54 54
0118_0209_0064_0060_0060.jpg 1 209 64 60 60
0119_0049_0080_0107_0107.jpg 1 49 80 107 107
0120_0066_0033_0135_0135.jpg 1 66 33 135 135
0121_0098_0256_0121_0121.jpg 1 98 256 121 121
0122_0374_0265_0092_0092.jpg 1 374 265 92 92
0123_0071_0028_0059_0059.jpg 1 71 28 59 59
0124_0163_0093_0276_0276.jpg 1 163 93 276 276
0125_0062_0078_0076_0076.jpg 1 62 78 76 76
0126_0103_0088_0082_0082.jpg 1 103 88 82 82
0127_0221_0082_0285_0285.jpg 1 221 82 285 285
0128_0022_0037_0161_0161.jpg 1 22 37 161 161
