0001_0130_0040_0121_0121.jpg 1 130 40 121 121
0002_0173_0225_0127_0127.jpg 1 173 225 127 127
0003_0179_0059_0258_0258.jpg 1 179 59 258 258
0004_0146_0077_0109_0109.jpg 1 146 77 109 109
0005_0296_0029_0301_0301.jpg 1 296 29 301 301
0006_0045_0043_0111_0111.jpg 1 45 43 111 111
0007_0260_0101_0151_0151.jpg 1 260 101 151 151
0008_0137_0107_0204_0204.jpg 1 137 107 204 204
0009_0310_0137_0126_0126.jpg 1 310 137 126 126
0010_0142_0085_0194_0194.jpg 1 142 85 194 194
0011_0118_0029_0270_0270.jpg 1 118 29 270 270
0012_0364_0220_0199_0199.jpg 1 364 220 199 199
0013_0205_0145_0307_0307.jpg 1 205 145 307 307
0014_0169_0027_0158_0158.jpg 1 169 27 158 158
0015_0135_0163_0202_0202.jpg 1 135 163 202 202
0016_0198_0204_0237_0237.jpg 1 198 204 237 237
0017_0078_0070_0069_0069.jpg 1 78 70 69 69
0018_0066_0016_0146_0146.jpg 1 66 16 146 146
0019_0122_0262_0150_0150.jpg 1 122 262 150 150
0020_0123_0505_0078_0078.jpg 1 123 505 78 78
0021_0232_0058_0308_0308.jpg 1 232 58 308 308
0022_0105_0194_0198_0198.jpg 1 105 194 198 198
0023_0106_0021_0269_0269.jpg 1 106 21 269 269
0024_0298_0145_0229_0229.jpg 1 298 145 229 229
0025_0056_0023_0090_0090.jpg 1 56 23 90 90
0026_0065_0041_0138_0138.jpg 1 65 41 138 138
0027_0029_0049_0100_0100.jpg 1 29 49 100 100
0028_0085_0211_0130_0130.jpg 1 85 211 130 130
0029_0040_0055_0098_0098.jpg 1 40 55 98 98
0030_0322_0180_0250_0250.jpg 1 322 180 250 250
0031_0068_0100_0080_0080.jpg 1 68 100 80 80
0032_0181_0085_0095_0095.jpg 1 181 85 95 95
0033_0130_0048_0152_0152.jpg 1 130 48 152 152
0034_0211_0055_0287_0287.jpg 1 211 55 287 287
0035_0120_0351_0070_0070.jpg 1 120 351 70 70
0036_0127_0064_0238_0238.jpg 1 127 64 238 238
0037_0184_0027_0084_0084.jpg 1 184 27 84 84
0038_0102_0066_0124_0124.jpg 1 102 66 124 124
0039_0033_0018_0075_0075.jpg 1 33 18 75 75
0040_0062_0026_0054_0054.jpg 1 62 26 54 54
0041_0198_0099_0221_0221.jpg 1 198 99 221 221
0042_0195_0104_0329_0329.jpg 1 195 104 329 329
0043_0300_0187_0208_0208.jpg 1 300 187 208 208
0044_0215_0215_0224_0224.jpg 1 215 215 224 224
0045_0081_0120_0058_0058.jpg 1 81 120 58 58
0046_0062_0068_0082_0082.jpg 1 62 68 82 82
0047_0198_0058_0056_0056.jpg 1 198 58 56 56
0048_0114_0145_0306_0306.jpg 1 114 145 306 306
0049_0189_0057_0269_0269.jpg 1 189 57 269 269
0050_0101_0121_0081_0081.jpg 1 101 121 81 81
0051_0172_0187_0254_0254.jpg 1 172 187 254 254
0052_0281_0087_0235_0235.jpg 1 281 87 235 235
0053_0046_0050_0120_0120.jpg 1 46 50 120 120
0054_0217_0318_0077_0077.jpg 1 217 318 77 77
0055_0329_0352_0057_0057.jpg 1 329 352 57 57
0056_0215_0072_0059_0059.jpg 1 215 72 59 59
0057_0183_0092_0068_0068.jpg 1 183 92 68 68
0058_0387_0124_0121_0121.jpg 1 387 124 121 121
0059_0268_0067_0101_0101.jpg 1 268 67 101 101
0060_0123_0112_0106_0106.jpg 1 123 112 106 106
0061_0210_0129_0185_0185.jpg 1 210 129 185 185
0062_0428_0113_0139_0139.jpg 1 428 113 139 139
0063_0021_0102_0070_0070.jpg 1 21 102 70 70
0064_0292_0117_0260_0260.jpg 1 292 117 260 260
0065_0048_0071_0150_0150.jpg 1 48 71 150 150
0066_0180_0352_0121_0121.jpg 1 180 352 121 121
0067_0059_0077_0148_0148.jpg 1 59 77 148 148
0068_0155_0034_0335_0335.jpg 1 155 34 335 335
0069_0047_0100_0209_0209.jpg 1 47 100 209 209
0070_0433_0211_0152_0152.jpg 1 433 211 152 152
0071_0163_0075_0088_0088.jpg 1 163 75 88 88
0072_0117_0169_0218_0218.jpg 1 117 169 218 218
0073_0075_0071_0123_0123.jpg 1 75 71 123 123
0074_0158_0105_0160_0160.jpg 1 158 105 160 160
0075_0087_0078_0267_0267.jpg 1 87 78 267 267
0076_0080_0152_0054_0054.jpg 1 80 152 54 54
0077_0033_0154_0054_0054.jpg 1 33 154 54 54
0078_0032_0128_0053_0053.jpg 1 32 128 53 53
0079_0080_0102_0265_0265.jpg 1 80 102 265 265
0080_0096_0335_0186_0186.jpg 1 96 335 186 186
0081_0143_0156_0283_0283.jpg 1 143 156 283 283
0082_0129_0054_0075_0075.jpg 1 129 54 75 75
0083_0076_0079_0141_0141.jpg 1 76 79 141 141
0084_0228_0098_0101_0101.jpg 1 228 98 101 101
0085_0151_0325_0257_0257.jpg 1 151 325 257 257
0086_0191_0060_0082_0082.jpg 1 191 60 82 82
0087_0108_0019_0310_0310.jpg 1 108 19 310 310
0088_0156_0035_0334_0334.jpg 1 156 35 334 334
0089_0095_0080_0242_0242.jpg 1 95 80 242 242
0090_0308_0123_0127_0127.jpg 1 308 123 127 127
0091_0434_0347_0067_0067.jpg 1 434 347 67 67
0092_0053_0026_0167_0167.jpg 1 53 26 167 167
0093_0108_0097_0061_0061.jpg 1 108 97 61 61
0094_0222_0271_0205_0205.jpg 1 222 271 205 205
0095_0099_0055_0086_0086.jpg 1 99 55 86 86
0096_0075_0128_0290_0290.jpg 1 75 128 290 290
0097_0066_0156_0236_0236.jpg 1 66 156 236 236
0098_0041_0182_0237_0237.jpg 1 41 182 237 237
0099_0214_0089_0230_0230.jpg 1 214 89 230 230
0100_0023_0066_0125_0125.jpg 1 23 66 125 125
0101_0197_0061_0230_0230.jpg 1 197 61 230 230
0102_0178_0069_0059_0059.jpg 1 178 69 59 59
0103_0148_0369_0216_0216.jpg 1 148 369 216 216
0104_0192_0067_0085_0085.jpg 1 192 67 85 85
0105_0167_0031_0099_0099.jpg 1 167 31 99 99
0106_0089_0075_0268_0268.jpg 1 89 75 268 268
0107_0144_0072_0208_0208.jpg 1 144 72 208 208
0108_0047_0066_0114_0114.jpg 1 47 66 114 114
0109_0157_0086_0090_0090.jpg 1 157 86 90 90
0110_0217_0260_0125_0125.jpg 1 217 260 125 125
0111_0150_0020_0098_0098.jpg 1 150 20 98 98
0112_0149_0388_0195_0195.jpg 1 149 388 195 195
0113_0120_0081_0130_0130.jpg 1 120 81 130 130
0114_0055_0071_0141_0141.jpg 1 55 71 141 141
0115_0047_0022_0151_0151.jpg 1 47 22 151 151
0116_0423_0277_0114_0114.jpg 1 423 277 114 114
0117_0340_0166_0155_0155.jpg 1 340 166 155 155
0118_0141_0373_0153_0153.jpg 1 141 373 153 153
0119_0478_0238_0092_0092.jpg 1 478 238 92 92
0120_0225_0098_0145_0145.jpg 1 225 98 145 145
0121_0374_0141_0166_0166.jpg 1 374 141 166 166
0122_0197_0077_0284_0284.jpg 1 197 77 284 284
0123_0027_0108_0078_0078.jpg 1 27 108 78 78
0124_0121_0061_0126_0126.jpg 1 121 61 126 126
0125_0065_0253_0154_0154.jpg 1 65 253 154 154
0126_0117_0094_0163_0163.jpg 1 117 94 163 163
0127_0099_0049_0165_0165.jpg 1 99 49 165 165
0128_0107_0018_0050_0050.jpg 1 107 18 50 50
