0001_0111_0088_0105_0105.jpg 1 111 88 105 105
0002_0029_0058_0084_0084.jpg 1 29 58 84 84
0003_0039_0103_0082_0082.jpg 1 39 103 82 82
0004_0109_0102_0087_0087.jpg 1 109 102 87 87
0005_0398_0144_0121_0121.jpg 1 398 144 121 121
0006_0109_0105_0126_0126.jpg 1 109 105 126 126
0007_0117_0027_0156_0156.jpg 1 117 27 156 156
0008_0426_0163_0134_0134.jpg 1 426 163 134 134
0009_0030_0054_0092_0092.jpg 1 30 54 92 92
0010_0245_0192_0137_0137.jpg 1 245 192 137 137
0011_0019_0135_0320_0320.jpg 1 19 135 320 320
0012_0162_0037_0058_0058.jpg 1 162 37 58 58
0013_0211_0271_0139_0139.jpg 1 211 271 139 139
0014_0260_0026_0295_0295.jpg 1 260 26 295 295
0015_0025_0136_0076_0076.jpg 1 25 136 76 76
0016_0089_0055_0125_0125.jpg 1 89 55 125 125
0017_0372_0318_0112_0112.jpg 1 372 318 112 112
0018_0099_0074_0153_0153.jpg 1 99 74 153 153
0019_0027_0103_0107_0107.jpg 1 27 103 107 107
0020_0126_0142_0204_0204.jpg 1 126 142 204 204
0021_0352_0087_0178_0178.jpg 1 352 87 178 178
0022_0157_0321_0268_0268.jpg 1 157 321 268 268
0023_0028_0036_0072_0072.jpg 1 28 36 72 72
0024_0117_0092_0099_0099.jpg 1 117 92 99 99
0025_0336_0039_0265_0265.jpg 1 336 39 265 265
0026_0097_0010_0156_0156.jpg 1 97 10 156 156
0027_0062_0082_0144_0144.jpg 1 62 82 144 144
0028_0059_0095_0076_0076.jpg 1 59 95 76 76
0029_0035_0054_0098_0098.jpg 1 35 54 98 98
0030_0355_0304_0114_0114.jpg 1 355 304 114 114
0031_0111_0017_0123_0123.jpg 1 111 17 123 123
0032_0034_0289_0304_0304.jpg 1 34 289 304 304
0033_0069_0207_0165_0165.jpg 1 69 207 165 165
0034_0193_0093_0326_0326.jpg 1 193 93 326 326
0035_0235_0361_0070_0070.jpg 1 235 361 70 70
0036_0438_0155_0078_0078.jpg 1 438 155 78 78
0037_0209_0065_0324_0324.jpg 1 209 65 324 324
0038_0296_0152_0282_0282.jpg 1 296 152 282 282
0039_0017_0038_0156_0156.jpg 1 17 38 156 156
0040_0014_0022_0120_0120.jpg 1 14 22 120 120
0041_0037_0074_0094_0094.jpg 1 37 74 94 94
0042_0410_0210_0069_0069.jpg 1 410 210 69 69
0043_0103_0124_0100_0100.jpg 1 103 124 100 100
0044_0018_0058_0090_0090.jpg 1 18 58 90 90
0045_0113_0058_0118_0118.jpg 1 113 58 118 118
0046_0273_0187_0049_0049.jpg 1 273 187 49 49
0047_0063_0027_0108_0108.jpg 1 63 27 108 108
0048_0231_0104_0316_0316.jpg 1 231 104 316 316
0049_0146_0255_0073_0073.jpg 1 146 255 73 73
0050_0221_0119_0282_0282.jpg 1 221 119 282 282
0051_0258_0031_0245_0245.jpg 1 258 31 245 245
0052_0073_0052_0111_0111.jpg 1 73 52 111 111
0053_0016_0009_0165_0165.jpg 1 16 9 165 165
0054_0103_0032_0124_0124.jpg 1 103 32 124 124
0055_0020_0017_0165_0165.jpg 1 20 17 165 165
0056_0107_0045_0115_0115.jpg 1 107 45 115 115
0057_0132_0276_0200_0200.jpg 1 132 276 200 200
0058_0032_0031_0078_0078.jpg 1 32 31 78 78
0059_0191_0026_0051_0051.jpg 1 191 26 51 51
0060_0059_0052_0113_0113.jpg 1 59 52 113 113
0061_0065_0113_0084_0084.jpg 1 65 113 84 84
0062_0132_0147_0051_0051.jpg 1 132 147 51 51
0063_0009_0016_0112_0112.jpg 1 9 16 112 112
0064_0082_0162_0206_0206.jpg 1 82 162 206 206
0065_0021_0037_0154_0154.jpg 1 21 37 154 154
0066_0148_0317_0234_0234.jpg 1 148 317 234 234
0067_0263_0185_0140_0140.jpg 1 263 185 140 140
0068_0015_0082_0096_0096.jpg 1 15 82 96 96
0069_0266_0100_0310_0310.jpg 1 266 100 310 310
0070_0034_0308_0097_0097.jpg 1 34 308 97 97
0071_0096_0110_0076_0076.jpg 1 96 110 76 76
0072_0367_0081_0213_0213.jpg 1 367 81 213 213
0073_0023_0024_0118_0118.jpg 1 23 24 118 118
0074_0245_0095_0325_0325.jpg 1 245 95 325 325
0075_0112_0214_0171_0171.jpg 1 112 214 171 171
0076_0081_0100_0059_0059.jpg 1 81 100 59 59
0077_0046_0098_0110_0110.jpg 1 46 98 110 110
0078_0087_0071_0127_0127.jpg 1 87 71 127 127
0079_0090_0132_0054_0054.jpg 1 90 132 54 54
0080_0065_0092_0109_0109.jpg 1 65 92 109 109
0081_0221_0091_0118_0118.jpg 1 221 91 118 118
0082_0115_0163_0206_0206.jpg 1 115 163 206 206
0083_0276_0202_0147_0147.jpg 1 276 202 147 147
0084_0165_0100_0332_0332.jpg 1 165 100 332 332
0085_0195_0334_0145_0145.jpg 1 195 334 145 145
0086_0050_0071_0068_0068.jpg 1 50 71 68 68
0087_0131_0025_0054_0054.jpg 1 131 25 54 54
0088_0075_0029_0115_0115.jpg 1 75 29 115 115
0089_0055_0073_0092_0092.jpg 1 55 73 92 92
0090_0336_0106_0248_0248.jpg 1 336 106 248 248
0091_0073_0202_0234_0234.jpg 1 73 202 234 234
0092_0135_0132_0308_0308.jpg 1 135 132 308 308
0093_0058_0032_0055_0055.jpg 1 58 32 55 55
0094_0236_0085_0283_0283.jpg 1 236 85 283 283
0095_0358_0195_0059_0059.jpg 1 358 195 59 59
0096_0319_0061_0163_0163.jpg 1 319 61 163 163
0097_0202_0047_0062_0062.jpg 1 202 47 62 62
0098_0142_0063_0111_0111.jpg 1 142 63 111 111
0099_0090_0127_0264_0264.jpg 1 90 127 264 264
0100_0081_0056_0051_0051.jpg 1 81 56 51 51
0101_0257_0086_0321_0321.jpg 1 257 86 321 321
0102_0047_0047_0067_0067.jpg 1 47 47 67 67
0103_0030_0051_0150_0150.jpg 1 30 51 150 150
0104_0059_0069_0107_0107.jpg 1 59 69 107 107
0105_0037_0079_0073_0073.jpg 1 37 79 73 73
0106_0165_0190_0235_0235.jpg 1 165 190 235 235
0107_0396_0213_0164_0164.jpg 1 396 213 164 164
0108_0188_0138_0079_0079.jpg 1 188 138 79 79
0109_0033_0072_0139_0139.jpg 1 33 72 139 139
0110_0154_0112_0097_0097.jpg 1 154 112 97 97
0111_0482_0103_0058_0058.jpg 1 482 103 58 58
0112_0119_0040_0145_0145.jpg 1 119 40 145 145
0113_0133_0105_0062_0062.jpg 1 133 105 62 62
0114_0158_0026_0055_0055.jpg 1 158 26 55 55
0115_0337_0058_0212_0212.jpg 1 337 58 212 212
0116_0157_0028_0115_0115.jpg 1 157 28 115 115
0117_0279_0077_0231_0231.jpg 1 279 77 231 231
0118_0129_0081_0184_0184.jpg 1 129 81 184 184
0119_0087_0200_0175_0175.jpg 1 87 200 175 175
0120_0296_0162_0211_0211.jpg 1 296 162 211 211
0121_0405_0065_0185_0185.jpg 1 405 65 185 185
0122_0287_0183_0080_0080.jpg 1 287 183 80 80
0123_0035_0067_0146_0146.jpg 1 35 67 146 146
0124_0063_0117_0233_0233.jpg 1 63 117 233 233
0125_0047_0063_0098_0098.jpg 1 47 63 98 98
0126_0016_0147_0332_0332.jpg 1 16 147 332 332
0127_0107_0240_0152_0152.jpg 1 107 240 152 152
0128_0050_0056_0116_0116.jpg 1 50 56 116 116
