0001_0058_0101_0069_0069.jpg 1 58 101 69 69
0002_0084_0253_0110_0110.jpg 1 84 253 110 110
0003_0047_0013_0101_0101.jpg 1 47 13 101 101
0004_0305_0107_0084_0084.jpg 1 305 107 84 84
0005_0263_0086_0254_0254.jpg 1 263 86 254 254
0006_0052_0083_0143_0143.jpg 1 52 83 143 143
0007_0463_0227_0070_0070.jpg 1 463 227 70 70
0008_0148_0060_0138_0138.jpg 1 148 60 138 138
0009_0044_0105_0110_0110.jpg 1 44 105 110 110
0010_0063_0175_0277_0277.jpg 1 63 175 277 277
0011_0138_0080_0235_0235.jpg 1 138 80 235 235
0012_0125_0323_0061_0061.jpg 1 125 323 61 61
0013_0365_0078_0205_0205.jpg 1 365 78 205 205
0014_0027_0063_0167_0167.jpg 1 27 63 167 167
0015_0293_0058_0259_0259.jpg 1 293 58 259 259
0016_0174_0206_0170_0170.jpg 1 174 206 170 170
0017_0066_0161_0218_0218.jpg 1 66 161 218 218
0018_0036_0023_0139_0139.jpg 1 36 23 139 139
0019_0115_0016_0131_0131.jpg 1 115 16 131 131
0020_0163_0043_0078_0078.jpg 1 163 43 78 78
0021_0051_0092_0249_0249.jpg 1 51 92 249 249
0022_0059_0155_0250_0250.jpg 1 59 155 250 250
0023_0289_0052_0188_0188.jpg 1 289 52 188 188
0024_0106_0087_0188_0188.jpg 1 106 87 188 188
0025_0106_0347_0214_0214.jpg 1 106 347 214 214
0026_0051_0083_0100_0100.jpg 1 51 83 100 100
0027_0081_0063_0288_0288.jpg 1 81 63 288 288
0028_0075_0024_0121_0121.jpg 1 75 24 121 121
0029_0059_0138_0206_0206.jpg 1 59 138 206 206
0030_0032_0037_0146_0146.jpg 1 32 37 146 146
0031_0187_0205_0255_0255.jpg 1 187 205 255 255
0032_0143_0023_0109_0109.jpg 1 143 23 109 109
0033_0075_0317_0065_0065.jpg 1 75 317 65 65
0034_0036_0246_0239_0239.jpg 1 36 246 239 239
0035_0059_0444_0072_0072.jpg 1 59 444 72 72
0036_0108_0117_0239_0239.jpg 1 108 117 239 239
0037_0053_0069_0109_0109.jpg 1 53 69 109 109
0038_0027_0011_0140_0140.jpg 1 27 11 140 140
0039_0079_0044_0079_0079.jpg 1 79 44 79 79
0040_0116_0054_0108_0108.jpg 1 116 54 108 108
0041_0050_0328_0069_0069.jpg 1 50 328 69 69
0042_0123_0143_0289_0289.jpg 1 123 143 289 289
0043_0126_0094_0299_0299.jpg 1 126 94 299 299
0044_0245_0015_0333_0333.jpg 1 245 15 333 333
0045_0103_0101_0112_0112.jpg 1 103 101 112 112
0046_0270_0061_0195_0195.jpg 1 270 61 195 195
0047_0188_0027_0053_0053.jpg 1 188 27 53 53
0048_0138_0092_0062_0062.jpg 1 138 92 62 62
0049_0068_0007_0138_0138.jpg 1 68 7 138 138
0050_0252_0117_0202_0202.jpg 1 252 117 202 202
0051_0104_0125_0127_0127.jpg 1 104 125 127 127
0052_0217_0295_0125_0125.jpg 1 217 295 125 125
0053_0078_0055_0151_0151.jpg 1 78 55 151 151
0054_0320_0077_0168_0168.jpg 1 320 77 168 168
0055_0038_0034_0095_0095.jpg 1 38 34 95 95
0056_0075_0030_0074_0074.jpg 1 75 30 74 74
0057_0092_0145_0241_0241.jpg 1 92 145 241 241
0058_0191_0086_0083_0083.jpg 1 191 86 83 83
0059_0281_0043_0148_0148.jpg 1 281 43 148 148
0060_0197_0223_0196_0196.jpg 1 197 223 196 196
0061_0335_0179_0223_0223.jpg 1 335 179 223 223
0062_0166_0146_0275_0275.jpg 1 166 146 275 275
0063_0050_0073_0129_0129.jpg 1 50 73 129 129
0064_0054_0087_0080_0080.jpg 1 54 87 80 80
0065_0177_0137_0263_0263.jpg 1 177 137 263 263
0066_0087_0095_0267_0267.jpg 1 87 95 267 267
0067_0159_0046_0124_0124.jpg 1 159 46 124 124
0068_0060_0042_0141_0141.jpg 1 60 42 141 141
0069_0076_0127_0064_0064.jpg 1 76 127 64 64
0070_0193_0031_0222_0222.jpg 1 193 31 222 222
0071_0105_0093_0121_0121.jpg 1 105 93 121 121
0072_0048_0099_0129_0129.jpg 1 48 99 129 129
0073_0065_0261_0111_0111.jpg 1 65 261 111 111
0074_0051_0043_0128_0128.jpg 1 51 43 128 128
0075_0102_0053_0139_0139.jpg 1 102 53 139 139
0076_0443_0266_0136_0136.jpg 1 443 266 136 136
0077_0075_0067_0112_0112.jpg 1 75 67 112 112
0078_0068_0046_0133_0133.jpg 1 68 46 133 133
0079_0102_0071_0207_0207.jpg 1 102 71 207 207
0080_0144_0040_0136_0136.jpg 1 144 40 136 136
0081_0135_0025_0130_0130.jpg 1 135 25 130 130
0082_0059_0037_0138_0138.jpg 1 59 37 138 138
0083_0376_0151_0129_0129.jpg 1 376 151 129 129
0084_0007_0062_0086_0086.jpg 1 7 62 86 86
0085_0065_0104_0304_0304.jpg 1 65 104 304 304
0086_0241_0067_0311_0311.jpg 1 241 67 311 311
0087_0125_0310_0238_0238.jpg 1 125 310 238 238
0088_0011_0097_0061_0061.jpg 1 11 97 61 61
0089_0159_0067_0166_0166.jpg 1 159 67 166 166
0090_0423_0314_0081_0081.jpg 1 423 314 81 81
0091_0053_0099_0101_0101.jpg 1 53 99 101 101
0092_0147_0031_0075_0075.jpg 1 147 31 75 75
0093_0081_0053_0234_0234.jpg 1 81 53 234 234
0094_0178_0439_0081_0081.jpg 1 178 439 81 81
0095_0045_0058_0094_0094.jpg 1 45 58 94 94
0096_0168_0074_0322_0322.jpg 1 168 74 322 322
0097_0082_0076_0147_0147.jpg 1 82 76 147 147
0098_0208_0058_0065_0065.jpg 1 208 58 65 65
0099_0318_0070_0109_0109.jpg 1 318 70 109 109
0100_0053_0113_0231_0231.jpg 1 53 113 231 231
0101_0309_0235_0142_0142.jpg 1 309 235 142 142
0102_0146_0048_0139_0139.jpg 1 146 48 139 139
0103_0137_0245_0319_0319.jpg 1 137 245 319 319
0104_0254_0106_0302_0302.jpg 1 254 106 302 302
0105_0049_0059_0089_0089.jpg 1 49 59 89 89
0106_0077_0026_0131_0131.jpg 1 77 26 131 131
0107_0144_0442_0088_0088.jpg 1 144 442 88 88
0108_0407_0032_0170_0170.jpg 1 407 32 170 170
0109_0048_0030_0158_0158.jpg 1 48 30 158 158
0110_0323_0224_0092_0092.jpg 1 323 224 92 92
0111_0238_0278_0153_0153.jpg 1 238 278 153 153
0112_0462_0081_0075_0075.jpg 1 462 81 75 75
0113_0036_0107_0077_0077.jpg 1 36 107 77 77
0114_0134_0158_0053_0053.jpg 1 134 158 53 53
0115_0092_0058_0274_0274.jpg 1 92 58 274 274
0116_0064_0033_0136_0136.jpg 1 64 33 136 136
0117_0320_0116_0222_0222.jpg 1 320 116 222 222
0118_0170_0107_0157_0157.jpg 1 170 107 157 157
0119_0118_0072_0146_0146.jpg 1 118 72 146 146
0120_0280_0045_0229_0229.jpg 1 280 45 229 229
0121_0225_0058_0120_0120.jpg 1 225 58 120 120
0122_0130_0159_0206_0206.jpg 1 130 159 206 206
0123_0079_0147_0236_0236.jpg 1 79 147 236 236
0124_0141_0059_0330_0330.jpg 1 141 59 330 330
0125_0063_0136_0066_0066.jpg 1 63 136 66 66
0126_0254_0320_0110_0110.jpg 1 254 320 110 110
0127_0111_0121_0090_0090.jpg 1 111 121 90 90
0128_0080_0117_0299_0299.jpg 1 80 117 299 299
