0001_0054_0061_0063_0063.jpg 1 54 61 63 63
0002_0068_0106_0096_0096.jpg 1 68 106 96 96
0003_0180_0207_0249_0249.jpg 1 180 207 249 249
0004_0015_0052_0125_0125.jpg 1 15 52 125 125
0005_0145_0064_0158_0158.jpg 1 145 64 158 158
0006_0149_0046_0318_0318.jpg 1 149 46 318 318
0007_0356_0062_0117_0117.jpg 1 356 62 117 117
0008_0223_0187_0080_0080.jpg 1 223 187 80 80
0009_0189_0125_0331_0331.jpg 1 189 125 331 331
0010_0192_0054_0102_0102.jpg 1 192 54 102 102
0011_0181_0112_0317_0317.jpg 1 181 112 317 317
0012_0047_0049_0078_0078.jpg 1 47 49 78 78
0013_0136_0113_0076_0076.jpg 1 136 113 76 76
0014_0205_0423_0070_0070.jpg 1 205 423 70 70
0015_0054_0062_0233_0233.jpg 1 54 62 233 233
0016_0084_0055_0148_0148.jpg 1 84 55 148 148
0017_0270_0053_0254_0254.jpg 1 270 53 254 254
0018_0093_0038_0064_0064.jpg 1 93 38 64 64
0019_0015_0070_0093_0093.jpg 1 15 70 93 93
0020_0093_0047_0110_0110.jpg 1 93 47 110 110
0021_0135_0049_0111_0111.jpg 1 135 49 111 111
0022_0039_0030_0109_0109.jpg 1 39 30 109 109
0023_0086_0107_0323_0323.jpg 1 86 107 323 323
0024_0128_0068_0100_0100.jpg 1 128 68 100 100
0025_0222_0113_0187_0187.jpg 1 222 113 187 187
0026_0422_0183_0145_0145.jpg 1 422 183 145 145
0027_0070_0156_0289_0289.jpg 1 70 156 289 289
0028_0076_0016_0149_0149.jpg 1 76 16 149 149
0029_0093_0035_0146_0146.jpg 1 93 35 146 146
0030_0266_0119_0107_0107.jpg 1 266 119 107 107
0031_0350_0158_0096_0096.jpg 1 350 158 96 96
0032_0340_0172_0220_0220.jpg 1 340 172 220 220
0033_0107_0074_0297_0297.jpg 1 107 74 297 297
0034_0385_0198_0173_0173.jpg 1 385 198 173 173
0035_0133_0073_0060_0060.jpg 1 133 73 60 60
0036_0117_0021_0098_0098.jpg 1 117 21 98 98
0037_0409_0092_0150_0150.jpg 1 409 92 150 150
0038_0297_0177_0224_0224.jpg 1 297 177 224 224
0039_0096_0130_0212_0212.jpg 1 96 130 212 212
0040_0055_0055_0267_0267.jpg 1 55 55 267 267
0041_0096_0043_0074_0074.jpg 1 96 43 74 74
0042_0025_0095_0073_0073.jpg 1 25 95 73 73
0043_0281_0158_0107_0107.jpg 1 281 158 107 107
0044_0071_0008_0164_0164.jpg 1 71 8 164 164
0045_0083_0057_0111_0111.jpg 1 83 57 111 111
0046_0052_0138_0146_0146.jpg 1 52 138 146 146
0047_0032_0041_0090_0090.jpg 1 32 41 90 90
0048_0099_0055_0065_0065.jpg 1 99 55 65 65
0049_0149_0056_0318_0318.jpg 1 149 56 318 318
0050_0061_0063_0103_0103.jpg 1 61 63 103 103
0051_0195_0050_0103_0103.jpg 1 195 50 103 103
0052_0306_0118_0273_0273.jpg 1 306 118 273 273
0053_0452_0211_0089_0089.jpg 1 452 211 89 89
0054_0049_0123_0072_0072.jpg 1 49 123 72 72
0055_0197_0434_0090_0090.jpg 1 197 434 90 90
0056_0124_0151_0194_0194.jpg 1 124 151 194 194
0057_0107_0032_0132_0132.jpg 1 107 32 132 132
0058_0059_0101_0085_0085.jpg 1 59 101 85 85
0059_0102_0096_0093_0093.jpg 1 102 96 93 93
0060_0226_0060_0171_0171.jpg 1 226 60 171 171
0061_0093_0076_0199_0199.jpg 1 93 76 199 199
0062_0150_0074_0279_0279.jpg 1 150 74 279 279
0063_0348_0209_0246_0246.jpg 1 348 209 246 246
0064_0057_0067_0150_0150.jpg 1 57 67 150 150
0065_0133_0064_0111_0111.jpg 1 133 64 111 111
0066_0045_0124_0184_0184.jpg 1 45 124 184 184
0067_0034_0084_0127_0127.jpg 1 34 84 127 127
0068_0073_0022_0070_0070.jpg 1 73 22 70 70
0069_0092_0046_0072_0072.jpg 1 92 46 72 72
0070_0357_0089_0135_0135.jpg 1 357 89 135 135
0071_0150_0044_0099_0099.jpg 1 150 44 99 99
0072_0027_0030_0080_0080.jpg 1 27 30 80 80
0073_0034_0067_0111_0111.jpg 1 34 67 111 111
0074_0053_0014_0139_0139.jpg 1 53 14 139 139
0075_0108_0082_0116_0116.jpg 1 108 82 116 116
0076_0135_0402_0107_0107.jpg 1 135 402 107 107
0077_0066_0036_0064_0064.jpg 1 66 36 64 64
0078_0045_0148_0048_0048.jpg 1 45 148 48 48
0079_0218_0168_0095_0095.jpg 1 218 168 95 95
0080_0129_0106_0164_0164.jpg 1 129 106 164 164
0081_0056_0034_0111_0111.jpg 1 56 34 111 111
0082_0019_0114_0100_0100.jpg 1 19 114 100 100
0083_0108_0101_0200_0200.jpg 1 108 101 200 200
0084_0194_0303_0219_0219.jpg 1 194 303 219 219
0085_0048_0070_0071_0071.jpg 1 48 70 71 71
0086_0016_0057_0159_0159.jpg 1 16 57 159 159
0087_0072_0137_0073_0073.jpg 1 72 137 73 73
0088_0471_0099_0058_0058.jpg 1 471 99 58 58
0089_0282_0156_0159_0159.jpg 1 282 156 159 159
0090_0133_0024_0100_0100.jpg 1 133 24 100 100
0091_0192_0042_0265_0265.jpg 1 192 42 265 265
0092_0350_0079_0114_0114.jpg 1 350 79 114 114
0093_0191_0109_0285_0285.jpg 1 191 109 285 285
0094_0233_0137_0112_0112.jpg 1 233 137 112 112
0095_0051_0070_0082_0082.jpg 1 51 70 82 82
0096_0297_0189_0142_0142.jpg 1 297 189 142 142
0097_0390_0107_0135_0135.jpg 1 390 107 135 135
0098_0048_0151_0307_0307.jpg 1 48 151 307 307
0099_0122_0050_0123_0123.jpg 1 122 50 123 123
0100_0293_0073_0077_0077.jpg 1 293 73 77 77
0101_0298_0025_0251_0251.jpg 1 298 25 251 251
0102_0114_0024_0139_0139.jpg 1 114 24 139 139
0103_0320_0074_0159_0159.jpg 1 320 74 159 159
0104_0061_0075_0147_0147.jpg 1 61 75 147 147
0105_0121_0128_0252_0252.jpg 1 121 128 252 252
0106_0361_0072_0084_0084.jpg 1 361 72 84 84
0107_0064_0203_0080_0080.jpg 1 64 203 80 80
0108_0393_0199_0052_0052.jpg 1 393 199 52 52
0109_0210_0086_0059_0059.jpg 1 210 86 59 59
0110_0105_0086_0320_0320.jpg 1 105 86 320 320
0111_0146_0087_0109_0109.jpg 1 146 87 109 109
0112_0143_0084_0049_0049.jpg 1 143 84 49 49
0113_0502_0329_0071_0071.jpg 1 502 329 71 71
0114_0049_0094_0130_0130.jpg 1 49 94 130 130
0115_0422_0131_0075_0075.jpg 1 422 131 75 75
0116_0248_0205_0234_0234.jpg 1 248 205 234 234
0117_0232_0302_0129_0129.jpg 1 232 302 129 129
0118_0028_0056_0089_0089.jpg 1 28 56 89 89
0119_0038_0046_0101_0101.jpg 1 38 46 101 101
0120_0278_0037_0305_0305.jpg 1 278 37 305 305
0121_0104_0126_0265_0265.jpg 1 104 126 265 265
0122_0169_0042_0051_0051.jpg 1 169 42 51 51
0123_0060_0103_0051_0051.jpg 1 60 103 51 51
0124_0130_0035_0105_0105.jpg 1 130 35 105 105
0125_0155_0017_0135_0135.jpg 1 155 17 135 135
0126_0130_0131_0107_0107.jpg 1 130 131 107 107
0127_0091_0022_0132_0132.jpg 1 91 22 132 132
0128_0049_0090_0120_0120.jpg 1 49 90 120 120
