0001_0015_0024_0155_0155.jpg 1 15 24 155 155
0002_0147_0268_0137_0137.jpg 1 147 268 137 137
0003_0026_0066_0097_0097.jpg 1 26 66 97 97
0004_0076_0216_0212_0212.jpg 1 76 216 212 212
0005_0167_0278_0086_0086.jpg 1 167 278 86 86
0006_0071_0016_0088_0088.jpg 1 71 16 88 88
0007_0112_0058_0074_0074.jpg 1 112 58 74 74
0008_0054_0037_0163_0163.jpg 1 54 37 163 163
0009_0146_0055_0097_0097.jpg 1 146 55 97 97
0010_0139_0133_0285_0285.jpg 1 139 133 285 285
0011_0088_0221_0183_0183.jpg 1 88 221 183 183
0012_0175_0329_0131_0131.jpg 1 175 329 131 131
0013_0340_0317_0096_0096.jpg 1 340 317 96 96
0014_0029_0039_0067_0067.jpg 1 29 39 67 67
0015_0268_0038_0317_0317.jpg 1 268 38 317 317
0016_0113_0028_0093_0093.jpg 1 113 28 93 93
0017_0078_0017_0106_0106.jpg 1 78 17 106 106
0018_0111_0257_0309_0309.jpg 1 111 257 309 309
0019_0042_0025_0137_0137.jpg 1 42 25 137 137
0020_0127_0032_0061_0061.jpg 1 127 32 61 61
0021_0078_0098_0295_0295.jpg 1 78 98 295 295
0022_0107_0016_0082_0082.jpg 1 107 16 82 82
0023_0156_0117_0073_0073.jpg 1 156 117 73 73
0024_0179_0243_0098_0098.jpg 1 179 243 98 98
0025_0131_0110_0107_0107.jpg 1 131 110 107 107
0026_0073_0084_0299_0299.jpg 1 73 84 299 299
0027_0063_0066_0157_0157.jpg 1 63 66 157 157
0028_0220_0063_0053_0053.jpg 1 220 63 53 53
0029_0140_0316_0163_0163.jpg 1 140 316 163 163
0030_0129_0049_0056_0056.jpg 1 129 49 56 56
0031_0022_0035_0138_0138.jpg 1 22 35 138 138
0032_0191_0019_0093_0093.jpg 1 191 19 93 93
0033_0181_0052_0101_0101.jpg 1 181 52 101 101
0034_0153_0128_0247_0247.jpg 1 153 128 247 247
0035_0225_0209_0072_0072.jpg 1 225 209 72 72
0036_0117_0067_0069_0069.jpg 1 117 67 69 69
0037_0060_0126_0160_0160.jpg 1 60 126 160 160
0038_0130_0144_0049_0049.jpg 1 130 144 49 49
0039_0052_0017_0117_0117.jpg 1 52 17 117 117
0040_0223_0202_0187_0187.jpg 1 223 202 187 187
0041_0067_0080_0104_0104.jpg 1 67 80 104 104
0042_0366_0212_0213_0213.jpg 1 366 212 213 213
0043_0012_0052_0138_0138.jpg 1 12 52 138 138
0044_0304_0190_0238_0238.jpg 1 304 190 238 238
0045_0091_0141_0062_0062.jpg 1 91 141 62 62
0046_0214_0207_0219_0219.jpg 1 214 207 219 219
0047_0058_0101_0078_0078.jpg 1 58 101 78 78
0048_0254_0242_0106_0106.jpg 1 254 242 106 106
0049_0058_0023_0072_0072.jpg 1 58 23 72 72
0050_0189_0066_0097_0097.jpg 1 189 66 97 97
0051_0093_0072_0102_0102.jpg 1 93 72 102 102
0052_0034_0166_0050_0050.jpg 1 34 166 50 50
0053_0171_0068_0090_0090.jpg 1 171 68 90 90
0054_0089_0063_0162_0162.jpg 1 89 63 162 162
0055_0108_0016_0096_0096.jpg 1 108 16 96 96
0056_0086_0146_0107_0107.jpg 1 86 146 107 107
0057_0056_0258_0329_0329.jpg 1 56 258 329 329
0058_0029_0236_0227_0227.jpg 1 29 236 227 227
0059_0058_0127_0064_0064.jpg 1 58 127 64 64
0060_0069_0117_0332_0332.jpg 1 69 117 332 332
0061_0185_0178_0065_0065.jpg 1 185 178 65 65
0062_0034_0024_0120_0120.jpg 1 34 24 120 120
0063_0084_0030_0150_0150.jpg 1 84 30 150 150
0064_0059_0122_0256_0256.jpg 1 59 122 256 256
0065_0267_0036_0311_0311.jpg 1 267 36 311 311
0066_0028_0055_0102_0102.jpg 1 28 55 102 102
0067_0098_0062_0133_0133.jpg 1 98 62 133 133
0068_0323_0144_0203_0203.jpg 1 323 144 203 203
0069_0062_0305_0257_0257.jpg 1 62 305 257 257
0070_0053_0062_0088_0088.jpg 1 53 62 88 88
0071_0103_0029_0164_0164.jpg 1 103 29 164 164
0072_0253_0083_0250_0250.jpg 1 253 83 250 250
0073_0117_0099_0122_0122.jpg 1 117 99 122 122
0074_0027_0059_0067_0067.jpg 1 27 59 67 67
0075_0327_0150_0208_0208.jpg 1 327 150 208 208
0076_0123_0100_0324_0324.jpg 1 123 100 324 324
0077_0151_0180_0068_0068.jpg 1 151 180 68 68
0078_0144_0198_0315_0315.jpg 1 144 198 315 315
0079_0025_0010_0142_0142.jpg 1 25 10 142 142
0080_0045_0318_0151_0151.jpg 1 45 318 151 151
0081_0489_0243_0052_0052.jpg 1 489 243 52 52
0082_0100_0008_0107_0107.jpg 1 100 8 107 107
0083_0095_0056_0091_0091.jpg 1 95 56 91 91
0084_0093_0054_0326_0326.jpg 1 93 54 326 326
0085_0392_0300_0112_0112.jpg 1 392 300 112 112
0086_0090_0098_0237_0237.jpg 1 90 98 237 237
0087_0195_0082_0133_0133.jpg 1 195 82 133 133
0088_0033_0123_0070_0070.jpg 1 33 123 70 70
0089_0048_0094_0109_0109.jpg 1 48 94 109 109
0090_0042_0158_0240_0240.jpg 1 42 158 240 240
0091_0037_0031_0115_0115.jpg 1 37 31 115 115
0092_0046_0130_0312_0312.jpg 1 46 130 312 312
0093_0245_0362_0194_0194.jpg 1 245 362 194 194
0094_0050_0123_0276_0276.jpg 1 50 123 276 276
0095_0127_0035_0148_0148.jpg 1 127 35 148 148
0096_0180_0043_0051_0051.jpg 1 180 43 51 51
0097_0357_0491_0060_0060.jpg 1 357 491 60 60
0098_0393_0188_0183_0183.jpg 1 393 188 183 183
0099_0327_0082_0269_0269.jpg 1 327 82 269 269
0100_0153_0073_0102_0102.jpg 1 153 73 102 102
0101_0030_0068_0075_0075.jpg 1 30 68 75 75
0102_0383_0136_0204_0204.jpg 1 383 136 204 204
0103_0077_0116_0279_0279.jpg 1 77 116 279 279
0104_0356_0211_0065_0065.jpg 1 356 211 65 65
0105_0020_0078_0075_0075.jpg 1 20 78 75 75
0106_0130_0122_0063_0063.jpg 1 130 122 63 63
0107_0301_0092_0069_0069.jpg 1 301 92 69 69
0108_0082_0083_0125_0125.jpg 1 82 83 125 125
0109_0114_0387_0054_0054.jpg 1 114 387 54 54
0110_0124_0161_0058_0058.jpg 1 124 161 58 58
0111_0034_0036_0149_0149.jpg 1 34 36 149 149
0112_0146_0070_0137_0137.jpg 1 146 70 137 137
0113_0166_0059_0115_0115.jpg 1 166 59 115 115
0114_0212_0340_0098_0098.jpg 1 212 340 98 98
0115_0125_0164_0193_0193.jpg 1 125 164 193 193
0116_0412_0116_0097_0097.jpg 1 412 116 97 97
0117_0093_0022_0148_0148.jpg 1 93 22 148 148
0118_0103_0046_0286_0286.jpg 1 103 46 286 286
0119_0011_0037_0122_0122.jpg 1 11 37 122 122
0120_0029_0026_0093_0093.jpg 1 29 26 93 93
0121_0065_0100_0066_0066.jpg 1 65 100 66 66
0122_0343_0047_0191_0191.jpg 1 343 47 191 191
0123_0284_0147_0302_0302.jpg 1 284 147 302 302
0124_0068_0074_0135_0135.jpg 1 68 74 135 135
0125_0108_0041_0299_0299.jpg 1 108 41 299 299
0126_0233_0395_0197_0197.jpg 1 233 395 197 197
0127_0229_0096_0117_0117.jpg 1 229 96 117 117
0128_0083_0071_0106_0106.jpg 1 83 71 106 106
