0001_0284_0152_0310_0310.jpg 1 284 152 310 310
0002_0252_0183_0057_0057.jpg 1 252 183 57 57
0003_0198_0301_0055_0055.jpg 1 198 301 55 55
0004_0172_0245_0201_0201.jpg 1 172 245 201 201
0005_0254_0319_0120_0120.jpg 1 254 319 120 120
0006_0051_0133_0075_0075.jpg 1 51 133 75 75
0007_0093_0064_0250_0250.jpg 1 93 64 250 250
0008_0213_0150_0059_0059.jpg 1 213 150 59 59
0009_0317_0097_0202_0202.jpg 1 317 97 202 202
0010_0093_0109_0080_0080.jpg 1 93 109 80 80
0011_0035_0030_0061_0061.jpg 1 35 30 61 61
0012_0075_0082_0084_0084.jpg 1 75 82 84 84
0013_0038_0125_0089_0089.jpg 1 38 125 89 89
0014_0049_0052_0128_0128.jpg 1 49 52 128 128
0015_0430_0075_0159_0159.jpg 1 430 75 159 159
0016_0193_0027_0089_0089.jpg 1 193 27 89 89
0017_0163_0317_0109_0109.jpg 1 163 317 109 109
0018_0312_0290_0079_0079.jpg 1 312 290 79 79
0019_0055_0019_0314_0314.jpg 1 55 19 314 314
0020_0093_0123_0140_0140.jpg 1 93 123 140 140
0021_0142_0036_0097_0097.jpg 1 142 36 97 97
0022_0160_0015_0092_0092.jpg 1 160 15 92 92
0023_0330_0257_0136_0136.jpg 1 330 257 136 136
0024_0417_0129_0114_0114.jpg 1 417 129 114 114
0025_0137_0050_0075_0075.jpg 1 137 50 75 75
0026_0080_0039_0139_0139.jpg 1 80 39 139 139
0027_0096_0059_0145_0145.jpg 1 96 59 145 145
0028_0054_0015_0072_0072.jpg 1 54 15 72 72
0029_0126_0086_0052_0052.jpg 1 126 86 52 52
0030_0183_0228_0097_0097.jpg 1 183 228 97 97
0031_0052_0180_0219_0219.jpg 1 52 180 219 219
0032_0191_0049_0159_0159.jpg 1 191 49 159 159
0033_0150_0016_0143_0143.jpg 1 150 16 143 143
0034_0054_0048_0060_0060.jpg 1 54 48 60 60
0035_0117_0108_0230_0230.jpg 1 117 108 230 230
0036_0132_0098_0190_0190.jpg 1 132 98 190 190
0037_0223_0061_0167_0167.jpg 1 223 61 167 167
0038_0090_0127_0262_0262.jpg 1 90 127 262 262
0039_0352_0266_0077_0077.jpg 1 352 266 77 77
0040_0147_0059_0104_0104.jpg 1 147 59 104 104
0041_0182_0062_0052_0052.jpg 1 182 62 52 52
0042_0023_0115_0094_0094.jpg 1 23 115 94 94
0043_0054_0161_0261_0261.jpg 1 54 161 261 261
0044_0086_0055_0286_0286.jpg 1 86 55 286 286
0045_0071_0150_0061_0061.jpg 1 71 150 61 61
0046_0099_0092_0051_0051.jpg 1 99 92 51 51
0047_0322_0143_0216_0216.jpg 1 322 143 216 216
0048_0254_0102_0267_0267.jpg 1 254 102 267 267
0049_0049_0041_0163_0163.jpg 1 49 41 163 163
0050_0247_0373_0064_0064.jpg 1 247 373 64 64
0051_0110_0019_0113_0113.jpg 1 110 19 113 113
0052_0116_0021_0060_0060.jpg 1 116 21 60 60
0053_0257_0177_0094_0094.jpg 1 257 177 94 94
0054_0163_0052_0135_0135.jpg 1 163 52 135 135
0055_0039_0132_0066_0066.jpg 1 39 132 66 66
0056_0043_0104_0059_0059.jpg 1 43 104 59 59
0057_0178_0029_0316_0316.jpg 1 178 29 316 316
0058_0079_0079_0108_0108.jpg 1 79 79 108 108
0059_0118_0008_0159_0159.jpg 1 118 8 159 159
0060_0278_0067_0166_0166.jpg 1 278 67 166 166
0061_0260_0151_0269_0269.jpg 1 260 151 269 269
0062_0115_0063_0135_0135.jpg 1 115 63 135 135
0063_0154_0135_0251_0251.jpg 1 154 135 251 251
0064_0349_0214_0220_0220.jpg 1 349 214 220 220
0065_0111_0049_0111_0111.jpg 1 111 49 111 111
0066_0138_0027_0059_0059.jpg 1 138 27 59 59
0067_0027_0048_0115_0115.jpg 1 27 48 115 115
0068_0284_0104_0270_0270.jpg 1 284 104 270 270
0069_0018_0058_0095_0095.jpg 1 18 58 95 95
0070_0108_0108_0071_0071.jpg 1 108 108 71 71
0071_0060_0109_0056_0056.jpg 1 60 109 56 56
0072_0184_0077_0244_0244.jpg 1 184 77 244 244
0073_0033_0053_0096_0096.jpg 1 33 53 96 96
0074_0133_0155_0260_0260.jpg 1 133 155 260 260
0075_0271_0112_0153_0153.jpg 1 271 112 153 153
0076_0186_0166_0127_0127.jpg 1 186 166 127 127
0077_0080_0136_0308_0308.jpg 1 80 136 308 308
0078_0063_0020_0087_0087.jpg 1 63 20 87 87
0079_0407_0054_0084_0084.jpg 1 407 54 84 84
0080_0117_0492_0069_0069.jpg 1 117 492 69 69
0081_0058_0052_0099_0099.jpg 1 58 52 99 99
0082_0156_0097_0085_0085.jpg 1 156 97 85 85
0083_0289_0138_0315_0315.jpg 1 289 138 315 315
0084_0177_0018_0105_0105.jpg 1 177 18 105 105
0085_0177_0105_0168_0168.jpg 1 177 105 168 168
0086_0057_0074_0309_0309.jpg 1 57 74 309 309
0087_0247_0254_0115_0115.jpg 1 247 254 115 115
0088_0136_0055_0072_0072.jpg 1 136 55 72 72
0089_0009_0075_0104_0104.jpg 1 9 75 104 104
0090_0259_0104_0173_0173.jpg 1 259 104 173 173
0091_0279_0201_0106_0106.jpg 1 279 201 106 106
0092_0371_0075_0131_0131.jpg 1 371 75 131 131
0093_0092_0034_0146_0146.jpg 1 92 34 146 146
0094_0094_0072_0327_0327.jpg 1 94 72 327 327
0095_0205_0084_0060_0060.jpg 1 205 84 60 60
0096_0086_0153_0120_0120.jpg 1 86 153 120 120
0097_0095_0086_0093_0093.jpg 1 95 86 93 93
0098_0306_0225_0179_0179.jpg 1 306 225 179 179
0099_0305_0057_0113_0113.jpg 1 305 57 113 113
0100_0055_0032_0165_0165.jpg 1 55 32 165 165
0101_0326_0164_0193_0193.jpg 1 326 164 193 193
0102_0060_0140_0075_0075.jpg 1 60 140 75 75
0103_0079_0142_0188_0188.jpg 1 79 142 188 188
0104_0042_0076_0316_0316.jpg 1 42 76 316 316
0105_0031_0107_0104_0104.jpg 1 31 107 104 104
0106_0043_0130_0227_0227.jpg 1 43 130 227 227
0107_0220_0186_0094_0094.jpg 1 220 186 94 94
0108_0147_0178_0277_0277.jpg 1 147 178 277 277
0109_0363_0106_0224_0224.jpg 1 363 106 224 224
0110_0220_0143_0153_0153.jpg 1 220 143 153 153
0111_0057_0098_0296_0296.jpg 1 57 98 296 296
0112_0366_0142_0058_0058.jpg 1 366 142 58 58
0113_0248_0054_0219_0219.jpg 1 248 54 219 219
0114_0173_0469_0097_0097.jpg 1 173 469 97 97
0115_0195_0290_0158_0158.jpg 1 195 290 158 158
0116_0108_0085_0123_0123.jpg 1 108 85 123 123
0117_0336_0123_0079_0079.jpg 1 336 123 79 79
0118_0233_0235_0107_0107.jpg 1 233 235 107 107
0119_0290_0215_0193_0193.jpg 1 290 215 193 193
0120_0352_0258_0157_0157.jpg 1 352 258 157 157
0121_0070_0075_0097_0097.jpg 1 70 75 97 97
0122_0034_0167_0323_0323.jpg 1 34 167 323 323
0123_0067_0033_0128_0128.jpg 1 67 33 128 128
0124_0301_0231_0143_0143.jpg 1 301 231 143 143
0125_0273_0080_0135_0135.jpg 1 273 80 135 135
0126_0358_0209_0148_0148.jpg 1 358 209 148 148
0127_0053_0047_0182_0182.jpg 1 53 47 182 182
0128_0084_0031_0081_0081.jpg 1 84 31 81 81
