0001_0147_0090_0150_0150.jpg 1 147 90 150 150
0002_0041_0195_0261_0261.jpg 1 41 195 261 261
0003_0154_0032_0133_0133.jpg 1 154 32 133 133
0004_0024_0013_0122_0122.jpg 1 24 13 122 122
0005_0075_0060_0123_0123.jpg 1 75 60 123 123
0006_0168_0088_0289_0289.jpg 1 168 88 289 289
0007_0090_0157_0126_0126.jpg 1 90 157 126 126
0008_0325_0035_0218_0218.jpg 1 325 35 218 218
0009_0069_0285_0048_0048.jpg 1 69 285 48 48
0010_0131_0020_0063_0063.jpg 1 131 20 63 63
0011_0397_0084_0116_0116.jpg 1 397 84 116 116
0012_0108_0017_0093_0093.jpg 1 108 17 93 93
0013_0118_0044_0129_0129.jpg 1 118 44 129 129
0014_0096_0139_0107_0107.jpg 1 96 139 107 107
0015_0175_0135_0117_0117.jpg 1 175 135 117 117
0016_0038_0081_0119_0119.jpg 1 38 81 119 119
0017_0073_0049_0117_0117.jpg 1 73 49 117 117
0018_0058_0063_0116_0116.jpg 1 58 63 116 116
0019_0098_0084_0112_0112.jpg 1 98 84 112 112
0020_0046_0099_0319_0319.jpg 1 46 99 319 319
0021_0062_0061_0164_0164.jpg 1 62 61 164 164
0022_0196_0053_0061_0061.jpg 1 196 53 61 61
0023_0050_0066_0105_0105.jpg 1 50 66 105 105
0024_0134_0052_0125_0125.jpg 1 134 52 125 125
0025_0042_0121_0059_0059.jpg 1 42 121 59 59
0026_0426_0122_0137_0137.jpg 1 426 122 137 137
0027_0191_0229_0084_0084.jpg 1 191 229 84 84
0028_0140_0018_0129_0129.jpg 1 140 18 129 129
0029_0107_0248_0055_0055.jpg 1 107 248 55 55
0030_0347_0307_0052_0052.jpg 1 347 307 52 52
0031_0428_0094_0052_0052.jpg 1 428 94 52 52
0032_0440_0167_0097_0097.jpg 1 440 167 97 97
0033_0020_0052_0083_0083.jpg 1 20 52 83 83
0034_0408_0158_0174_0174.jpg 1 408 158 174 174
0035_0020_0069_0119_0119.jpg 1 20 69 119 119
0036_0040_0118_0106_0106.jpg 1 40 118 106 106
0037_0124_0045_0113_0113.jpg 1 124 45 113 113
0038_0444_0207_0125_0125.jpg 1 444 207 125 125
0039_0222_0124_0146_0146.jpg 1 222 124 146 146
0040_0106_0126_0254_0254.jpg 1 106 126 254 254
0041_0212_0192_0164_0164.jpg 1 212 192 164 164
0042_0168_0416_0149_0149.jpg 1 168 416 149 149
0043_0010_0022_0048_0048.jpg 1 10 22 48 48
0044_0137_0034_0083_0083.jpg 1 137 34 83 83
0045_0075_0242_0324_0324.jpg 1 75 242 324 324
0046_0410_0331_0089_0089.jpg 1 410 331 89 89
0047_0036_0058_0328_0328.jpg 1 36 58 328 328
0048_0334_0191_0063_0063.jpg 1 334 191 63 63
0049_0474_0249_0104_0104.jpg 1 474 249 104 104
0050_0065_0067_0247_0247.jpg 1 65 67 247 247
0051_0053_0077_0123_0123.jpg 1 53 77 123 123
0052_0096_0096_0196_0196.jpg 1 96 96 196 196
0053_0025_0096_0119_0119.jpg 1 25 96 119 119
0054_0406_0216_0103_0103.jpg 1 406 216 103 103
0055_0162_0105_0067_0067.jpg 1 162 105 67 67
0056_0266_0066_0059_0059.jpg 1 266 66 59 59
0057_0102_0170_0049_0049.jpg 1 102 170 49 49
0058_0055_0096_0056_0056.jpg 1 55 96 56 56
0059_0020_0032_0065_0065.jpg 1 20 32 65 65
0060_0148_0047_0053_0053.jpg 1 148 47 53 53
0061_0166_0308_0092_0092.jpg 1 166 308 92 92
0062_0111_0194_0212_0212.jpg 1 111 194 212 212
0063_0222_0087_0258_0258.jpg 1 222 87 258 258
0064_0077_0104_0093_0093.jpg 1 77 104 93 93
0065_0087_0163_0142_0142.jpg 1 87 163 142 142
0066_0145_0182_0175_0175.jpg 1 145 182 175 175
0067_0059_0127_0071_0071.jpg 1 59 127 71 71
0068_0048_0029_0130_0130.jpg 1 48 29 130 130
0069_0137_0329_0080_0080.jpg 1 137 329 80 80
0070_0078_0148_0276_0276.jpg 1 78 148 276 276
0071_0051_0014_0100_0100.jpg 1 51 14 100 100
0072_0089_0025_0108_0108.jpg 1 89 25 108 108
0073_0248_0090_0131_0131.jpg 1 248 90 131 131
0074_0274_0163_0138_0138.jpg 1 274 163 138 138
0075_0083_0097_0076_0076.jpg 1 83 97 76 76
0076_0276_0130_0230_0230.jpg 1 276 130 230 230
0077_0253_0054_0094_0094.jpg 1 253 54 94 94
0078_0153_0298_0078_0078.jpg 1 153 298 78 78
0079_0027_0017_0155_0155.jpg 1 27 17 155 155
0080_0179_0026_0107_0107.jpg 1 179 26 107 107
0081_0097_0196_0324_0324.jpg 1 97 196 324 324
0082_0329_0134_0233_0233.jpg 1 329 134 233 233
0083_0030_0082_0055_0055.jpg 1 30 82 55 55
0084_0096_0103_0314_0314.jpg 1 96 103 314 314
0085_0398_0353_0068_0068.jpg 1 398 353 68 68
0086_0297_0026_0172_0172.jpg 1 297 26 172 172
0087_0210_0066_0230_0230.jpg 1 210 66 230 230
0088_0184_0344_0078_0078.jpg 1 184 344 78 78
0089_0075_0042_0070_0070.jpg 1 75 42 70 70
0090_0199_0061_0242_0242.jpg 1 199 61 242 242
0091_0204_0088_0276_0276.jpg 1 204 88 276 276
0092_0125_0226_0159_0159.jpg 1 125 226 159 159
0093_0397_0106_0129_0129.jpg 1 397 106 129 129
0094_0044_0067_0090_0090.jpg 1 44 67 90 90
0095_0367_0221_0218_0218.jpg 1 367 221 218 218
0096_0103_0134_0238_0238.jpg 1 103 134 238 238
0097_0067_0096_0086_0086.jpg 1 67 96 86 86
0098_0298_0147_0143_0143.jpg 1 298 147 143 143
0099_0242_0093_0291_0291.jpg 1 242 93 291 291
0100_0088_0236_0128_0128.jpg 1 88 236 128 128
0101_0288_0121_0224_0224.jpg 1 288 121 224 224
0102_0087_0019_0161_0161.jpg 1 87 19 161 161
0103_0020_0064_0153_0153.jpg 1 20 64 153 153
0104_0073_0064_0144_0144.jpg 1 73 64 144 144
0105_0070_0081_0099_0099.jpg 1 70 81 99 99
0106_0100_0313_0071_0071.jpg 1 100 313 71 71
0107_0275_0255_0157_0157.jpg 1 275 255 157 157
0108_0305_0031_0274_0274.jpg 1 305 31 274 274
0109_0078_0085_0112_0112.jpg 1 78 85 112 112
0110_0059_0206_0295_0295.jpg 1 59 206 295 295
0111_0210_0121_0246_0246.jpg 1 210 121 246 246
0112_0155_0127_0063_0063.jpg 1 155 127 63 63
0113_0015_0065_0103_0103.jpg 1 15 65 103 103
0114_0114_0106_0281_0281.jpg 1 114 106 281 281
0115_0112_0124_0088_0088.jpg 1 112 124 88 88
0116_0245_0121_0335_0335.jpg 1 245 121 335 335
0117_0021_0117_0094_0094.jpg 1 21 117 94 94
0118_0377_0213_0067_0067.jpg 1 377 213 67 67
0119_0096_0008_0156_0156.jpg 1 96 8 156 156
0120_0276_0158_0235_0235.jpg 1 276 158 235 235
0121_0068_0127_0071_0071.jpg 1 68 127 71 71
0122_0093_0102_0096_0096.jpg 1 93 102 96 96
0123_0059_0143_0070_0070.jpg 1 59 143 70 70
0124_0122_0146_0060_0060.jpg 1 122 146 60 60
0125_0467_0298_0063_0063.jpg 1 467 298 63 63
0126_0170_0036_0100_0100.jpg 1 170 36 100 100
0127_0185_0058_0103_0103.jpg 1 185 58 103 103
0128_0398_0032_0180_0180.jpg 1 398 32 180 180
