0001_0048_0070_0050_0050.jpg 1 48 70 50 50
0002_0389_0181_0127_0127.jpg 1 389 181 127 127
0003_0260_0081_0286_0286.jpg 1 260 81 286 286
0004_0044_0053_0090_0090.jpg 1 44 53 90 90
0005_0267_0116_0271_0271.jpg 1 267 116 271 271
0006_0079_0228_0220_0220.jpg 1 79 228 220 220
0007_0022_0043_0128_0128.jpg 1 22 43 128 128
0008_0101_0177_0168_0168.jpg 1 101 177 168 168
0009_0066_0067_0072_0072.jpg 1 66 67 72 72
0010_0248_0053_0315_0315.jpg 1 248 53 315 315
0011_0074_0087_0109_0109.jpg 1 74 87 109 109
0012_0274_0222_0210_0210.jpg 1 274 222 210 210
0013_0188_0192_0176_0176.jpg 1 188 192 176 176
0014_0147_0048_0074_0074.jpg 1 147 48 74 74
0015_0148_0029_0128_0128.jpg 1 148 29 128 128
0016_0020_0137_0077_0077.jpg 1 20 137 77 77
0017_0074_0077_0129_0129.jpg 1 74 77 129 129
0018_0068_0130_0313_0313.jpg 1 68 130 313 313
0019_0090_0077_0050_0050.jpg 1 90 77 50 50
0020_0067_0032_0120_0120.jpg 1 67 32 120 120
0021_0248_0192_0111_0111.jpg 1 248 192 111 111
0022_0050_0019_0057_0057.jpg 1 50 19 57 57
0023_0132_0147_0053_0053.jpg 1 132 147 53 53
0024_0217_0104_0198_0198.jpg 1 217 104 198 198
0025_0049_0092_0095_0095.jpg 1 49 92 95 95
0026_0181_0100_0093_0093.jpg 1 181 100 93 93
0027_0098_0049_0097_0097.jpg 1 98 49 97 97
0028_0142_0096_0315_0315.jpg 1 142 96 315 315
0029_0086_0143_0076_0076.jpg 1 86 143 76 76
0030_0031_0084_0113_0113.jpg 1 31 84 113 113
0031_0084_0170_0104_0104.jpg 1 84 170 104 104
0032_0226_0186_0250_0250.jpg 1 226 186 250 250
0033_0207_0017_0078_0078.jpg 1 207 17 78 78
0034_0107_0247_0234_0234.jpg 1 107 247 234 234
0035_0222_0099_0060_0060.jpg 1 222 99 60 60
0036_0023_0078_0294_0294.jpg 1 23 78 294 294
0037_0217_0092_0052_0052.jpg 1 217 92 52 52
0038_0278_0114_0213_0213.jpg 1 278 114 213 213
0039_0204_0383_0135_0135.jpg 1 204 383 135 135
0040_0068_0089_0076_0076.jpg 1 68 89 76 76
0041_0149_0083_0087_0087.jpg 1 149 83 87 87
0042_0052_0064_0057_0057.jpg 1 52 64 57 57
0043_0327_0147_0169_0169.jpg 1 327 147 169 169
0044_0398_0181_0095_0095.jpg 1 398 181 95 95
0045_0088_0104_0083_0083.jpg 1 88 104 83 83
0046_0050_0083_0206_0206.jpg 1 50 83 206 206
0047_0236_0105_0186_0186.jpg 1 236 105 186 186
0048_0182_0037_0305_0305.jpg 1 182 37 305 305
0049_0054_0023_0156_0156.jpg 1 54 23 156 156
0050_0115_0204_0117_0117.jpg 1 115 204 117 117
0051_0090_0151_0285_0285.jpg 1 90 151 285 285
0052_0150_0301_0237_0237.jpg 1 150 301 237 237
0053_0063_0118_0053_0053.jpg 1 63 118 53 53
0054_0308_0150_0178_0178.jpg 1 308 150 178 178
0055_0020_0021_0089_0089.jpg 1 20 21 89 89
0056_0246_0079_0198_0198.jpg 1 246 79 198 198
0057_0076_0032_0063_0063.jpg 1 76 32 63 63
0058_0101_0083_0136_0136.jpg 1 101 83 136 136
0059_0159_0096_0106_0106.jpg 1 159 96 106 106
0060_0122_0125_0083_0083.jpg 1 122 125 83 83
0061_0455_0186_0106_0106.jpg 1 455 186 106 106
0062_0167_0074_0325_0325.jpg 1 167 74 325 325
0063_0125_0159_0236_0236.jpg 1 125 159 236 236
0064_0240_0137_0290_0290.jpg 1 240 137 290 290
0065_0383_0051_0125_0125.jpg 1 383 51 125 125
0066_0080_0042_0153_0153.jpg 1 80 42 153 153
0067_0059_0384_0083_0083.jpg 1 59 384 83 83
0068_0476_0130_0091_0091.jpg 1 476 130 91 91
0069_0136_0020_0166_0166.jpg 1 136 20 166 166
0070_0014_0056_0163_0163.jpg 1 14 56 163 163
0071_0083_0026_0073_0073.jpg 1 83 26 73 73
0072_0015_0023_0119_0119.jpg 1 15 23 119 119
0073_0071_0071_0078_0078.jpg 1 71 71 78 78
0074_0019_0027_0125_0125.jpg 1 19 27 125 125
0075_0392_0192_0172_0172.jpg 1 392 192 172 172
0076_0045_0038_0059_0059.jpg 1 45 38 59 59
0077_0098_0030_0066_0066.jpg 1 98 30 66 66
0078_0013_0067_0146_0146.jpg 1 13 67 146 146
0079_0226_0115_0279_0279.jpg 1 226 115 279 279
0080_0148_0039_0100_0100.jpg 1 148 39 100 100
0081_0111_0056_0247_0247.jpg 1 111 56 247 247
0082_0100_0077_0065_0065.jpg 1 100 77 65 65
0083_0085_0074_0063_0063.jpg 1 85 74 63 63
0084_0067_0023_0306_0306.jpg 1 67 23 306 306
0085_0053_0045_0167_0167.jpg 1 53 45 167 167
0086_0179_0330_0232_0232.jpg 1 179 330 232 232
0087_0308_0198_0087_0087.jpg 1 308 198 87 87
0088_0174_0156_0305_0305.jpg 1 174 156 305 305
0089_0244_0090_0303_0303.jpg 1 244 90 303 303
0090_0019_0082_0070_0070.jpg 1 19 82 70 70
0091_0368_0134_0062_0062.jpg 1 368 134 62 62
0092_0154_0123_0059_0059.jpg 1 154 123 59 59
0093_0042_0131_0073_0073.jpg 1 42 131 73 73
0094_0113_0410_0148_0148.jpg 1 113 410 148 148
0095_0074_0065_0255_0255.jpg 1 74 65 255 255
0096_0088_0087_0093_0093.jpg 1 88 87 93 93
0097_0040_0020_0138_0138.jpg 1 40 20 138 138
0098_0171_0234_0148_0148.jpg 1 171 234 148 148
0099_0020_0020_0083_0083.jpg 1 20 20 83 83
0100_0084_0064_0147_0147.jpg 1 84 64 147 147
0101_0017_0018_0151_0151.jpg 1 17 18 151 151
0102_0314_0303_0086_0086.jpg 1 314 303 86 86
0103_0068_0016_0083_0083.jpg 1 68 16 83 83
0104_0270_0058_0312_0312.jpg 1 270 58 312 312
0105_0162_0063_0050_0050.jpg 1 162 63 50 50
0106_0121_0199_0053_0053.jpg 1 121 199 53 53
0107_0434_0065_0084_0084.jpg 1 434 65 84 84
0108_0047_0032_0099_0099.jpg 1 47 32 99 99
0109_0023_0020_0110_0110.jpg 1 23 20 110 110
0110_0055_0049_0130_0130.jpg 1 55 49 130 130
0111_0447_0131_0137_0137.jpg 1 447 131 137 137
0112_0052_0030_0065_0065.jpg 1 52 30 65 65
0113_0028_0075_0084_0084.jpg 1 28 75 84 84
0114_0175_0181_0155_0155.jpg 1 175 181 155 155
0115_0368_0484_0053_0053.jpg 1 368 484 53 53
0116_0041_0046_0167_0167.jpg 1 41 46 167 167
0117_0137_0086_0105_0105.jpg 1 137 86 105 105
0118_0022_0047_0165_0165.jpg 1 22 47 165 165
0119_0035_0055_0103_0103.jpg 1 35 55 103 103
0120_0041_0073_0151_0151.jpg 1 41 73 151 151
0121_0101_0131_0314_0314.jpg 1 101 131 314 314
0122_0048_0024_0081_0081.jpg 1 48 24 81 81
0123_0037_0070_0128_0128.jpg 1 37 70 128 128
0124_0014_0022_0090_0090.jpg 1 14 22 90 90
0125_0091_0039_0142_0142.jpg 1 91 39 142 142
0126_0174_0124_0292_0292.jpg 1 174 124 292 292
0127_0183_0042_0109_0109.jpg 1 183 42 109 109
0128_0351_0187_0211_0211.jpg 1 351 187 211 211
