0001_0062_0021_0155_0155.jpg 1 62 21 155 155
0002_0130_0033_0137_0137.jpg 1 130 33 137 137
0003_0101_0127_0092_0092.jpg 1 101 127 92 92
0004_0132_0099_0274_0274.jpg 1 132 99 274 274
0005_0105_0043_0152_0152.jpg 1 105 43 152 152
0006_0091_0070_0117_0117.jpg 1 91 70 117 117
0007_0152_0105_0096_0096.jpg 1 152 105 96 96
0008_0041_0063_0087_0087.jpg 1 41 63 87 87
0009_0123_0149_0292_0292.jpg 1 123 149 292 292
0010_0161_0226_0100_0100.jpg 1 161 226 100 100
0011_0018_0043_0140_0140.jpg 1 18 43 140 140
0012_0183_0109_0074_0074.jpg 1 183 109 74 74
0013_0055_0103_0332_0332.jpg 1 55 103 332 332
0014_0060_0064_0125_0125.jpg 1 60 64 125 125
0015_0348_0054_0060_0060.jpg 1 348 54 60 60
0016_0105_0019_0120_0120.jpg 1 105 19 120 120
0017_0038_0102_0054_0054.jpg 1 38 102 54 54
0018_0071_0015_0127_0127.jpg 1 71 15 127 127
0019_0339_0087_0189_0189.jpg 1 339 87 189 189
0020_0079_0050_0109_0109.jpg 1 79 50 109 109
0021_0169_0064_0131_0131.jpg 1 169 64 131 131
0022_0050_0132_0051_0051.jpg 1 50 132 51 51
0023_0160_0165_0124_0124.jpg 1 160 165 124 124
0024_0339_0248_0115_0115.jpg 1 339 248 115 115
0025_0036_0122_0057_0057.jpg 1 36 122 57 57
0026_0167_0051_0066_0066.jpg 1 167 51 66 66
0027_0035_0119_0332_0332.jpg 1 35 119 332 332
0028_0072_0022_0149_0149.jpg 1 72 22 149 149
0029_0046_0018_0165_0165.jpg 1 46 18 165 165
0030_0085_0063_0138_0138.jpg 1 85 63 138 138
0031_0036_0031_0087_0087.jpg 1 36 31 87 87
0032_0016_0149_0061_0061.jpg 1 16 149 61 61
0033_0089_0075_0111_0111.jpg 1 89 75 111 111
0034_0181_0185_0243_0243.jpg 1 181 185 243 243
0035_0449_0330_0051_0051.jpg 1 449 330 51 51
0036_0079_0141_0314_0314.jpg 1 79 141 314 314
0037_0040_0063_0104_0104.jpg 1 40 63 104 104
0038_0066_0086_0222_0222.jpg 1 66 86 222 222
0039_0349_0353_0091_0091.jpg 1 349 353 91 91
0040_0049_0142_0295_0295.jpg 1 49 142 295 295
0041_0167_0062_0092_0092.jpg 1 167 62 92 92
0042_0237_0149_0128_0128.jpg 1 237 149 128 128
0043_0091_0080_0059_0059.jpg 1 91 80 59 59
0044_0099_0033_0052_0052.jpg 1 99 33 52 52
0045_0099_0115_0180_0180.jpg 1 99 115 180 180
0046_0050_0103_0053_0053.jpg 1 50 103 53 53
0047_0058_0046_0112_0112.jpg 1 58 46 112 112
0048_0121_0073_0228_0228.jpg 1 121 73 228 228
0049_0039_0218_0213_0213.jpg 1 39 218 213 213
0050_0200_0218_0161_0161.jpg 1 200 218 161 161
0051_0449_0207_0109_0109.jpg 1 449 207 109 109
0052_0120_0093_0287_0287.jpg 1 120 93 287 287
0053_0172_0061_0067_0067.jpg 1 172 61 67 67
0054_0029_0259_0277_0277.jpg 1 29 259 277 277
0055_0358_0088_0061_0061.jpg 1 358 88 61 61
0056_0101_0093_0118_0118.jpg 1 101 93 118 118
0057_0173_0031_0107_0107.jpg 1 173 31 107 107
0058_0028_0069_0120_0120.jpg 1 28 69 120 120
0059_0215_0450_0115_0115.jpg 1 215 450 115 115
0060_0222_0087_0075_0075.jpg 1 222 87 75 75
0061_0199_0117_0203_0203.jpg 1 199 117 203 203
0062_0264_0238_0175_0175.jpg 1 264 238 175 175
0063_0309_0038_0148_0148.jpg 1 309 38 148 148
0064_0074_0091_0068_0068.jpg 1 74 91 68 68
0065_0091_0110_0089_0089.jpg 1 91 110 89 89
0066_0059_0028_0280_0280.jpg 1 59 28 280 280
0067_0078_0072_0152_0152.jpg 1 78 72 152 152
0068_0405_0222_0180_0180.jpg 1 405 222 180 180
0069_0357_0178_0214_0214.jpg 1 357 178 214 214
0070_0444_0192_0058_0058.jpg 1 444 192 58 58
0071_0031_0055_0093_0093.jpg 1 31 55 93 93
0072_0195_0107_0286_0286.jpg 1 195 107 286 286
0073_0037_0035_0131_0131.jpg 1 37 35 131 131
0074_0231_0126_0310_0310.jpg 1 231 126 310 310
0075_0109_0046_0075_0075.jpg 1 109 46 75 75
0076_0162_0027_0139_0139.jpg 1 162 27 139 139
0077_0148_0156_0237_0237.jpg 1 148 156 237 237
0078_0044_0014_0136_0136.jpg 1 44 14 136 136
0079_0213_0014_0078_0078.jpg 1 213 14 78 78
0080_0026_0074_0110_0110.jpg 1 26 74 110 110
0081_0158_0040_0104_0104.jpg 1 158 40 104 104
0082_0149_0047_0071_0071.jpg 1 149 47 71 71
0083_0044_0077_0092_0092.jpg 1 44 77 92 92
0084_0080_0043_0278_0278.jpg 1 80 43 278 278
0085_0395_0304_0126_0126.jpg 1 395 304 126 126
0086_0299_0047_0295_0295.jpg 1 299 47 295 295
0087_0018_0071_0105_0105.jpg 1 18 71 105 105
0088_0069_0047_0061_0061.jpg 1 69 47 61 61
0089_0069_0078_0098_0098.jpg 1 69 78 98 98
0090_0016_0127_0068_0068.jpg 1 16 127 68 68
0091_0060_0177_0179_0179.jpg 1 60 177 179 179
0092_0049_0104_0100_0100.jpg 1 49 104 100 100
0093_0219_0144_0050_0050.jpg 1 219 144 50 50
0094_0395_0214_0149_0149.jpg 1 395 214 149 149
0095_0145_0099_0065_0065.jpg 1 145 99 65 65
0096_0180_0214_0235_0235.jpg 1 180 214 235 235
0097_0141_0184_0273_0273.jpg 1 141 184 273 273
0098_0192_0109_0076_0076.jpg 1 192 109 76 76
0099_0030_0049_0076_0076.jpg 1 30 49 76 76
0100_0063_0118_0061_0061.jpg 1 63 118 61 61
0101_0057_0103_0051_0051.jpg 1 57 103 51 51
0102_0085_0056_0128_0128.jpg 1 85 56 128 128
0103_0065_0037_0154_0154.jpg 1 65 37 154 154
0104_0138_0099_0273_0273.jpg 1 138 99 273 273
0105_0150_0182_0148_0148.jpg 1 150 182 148 148
0106_0134_0038_0056_0056.jpg 1 134 38 56 56
0107_0018_0076_0142_0142.jpg 1 18 76 142 142
0108_0157_0234_0123_0123.jpg 1 157 234 123 123
0109_0249_0151_0300_0300.jpg 1 249 151 300 300
0110_0069_0106_0254_0254.jpg 1 69 106 254 254
0111_0174_0068_0188_0188.jpg 1 174 68 188 188
0112_0277_0238_0180_0180.jpg 1 277 238 180 180
0113_0442_0047_0099_0099.jpg 1 442 47 99 99
0114_0133_0097_0086_0086.jpg 1 133 97 86 86
0115_0105_0038_0060_0060.jpg 1 105 38 60 60
0116_0052_0085_0064_0064.jpg 1 52 85 64 64
0117_0422_0246_0169_0169.jpg 1 422 246 169 169
0118_0100_0082_0081_0081.jpg 1 100 82 81 81
0119_0080_0069_0134_0134.jpg 1 80 69 134 134
0120_0176_0360_0208_0208.jpg 1 176 360 208 208
0121_0086_0125_0060_0060.jpg 1 86 125 60 60
0122_0097_0107_0060_0060.jpg 1 97 107 60 60
0123_0380_0274_0136_0136.jpg 1 380 274 136 136
0124_0073_0094_0077_0077.jpg 1 73 94 77 77
0125_0155_0064_0280_0280.jpg 1 155 64 280 280
0126_0320_0063_0278_0278.jpg 1 320 63 278 278
0127_0037_0095_0078_0078.jpg 1 37 95 78 78
0128_0342_0137_0122_0122.jpg 1 342 137 122 122
