0001_0114_0021_0123_0123.jpg 1 114 21 123 123
0002_0432_0075_0146_0146.jpg 1 432 75 146 146
0003_0129_0024_0312_0312.jpg 1 129 24 312 312
0004_0116_0018_0090_0090.jpg 1 116 18 90 90
0005_0170_0115_0269_0269.jpg 1 170 115 269 269
0006_0225_0058_0303_0303.jpg 1 225 58 303 303
0007_0256_0385_0104_0104.jpg 1 256 385 104 104
0008_0079_0110_0268_0268.jpg 1 79 110 268 268
0009_0137_0022_0269_0269.jpg 1 137 22 269 269
0010_0030_0016_0112_0112.jpg 1 30 16 112 112
0011_0213_0139_0066_0066.jpg 1 213 139 66 66
0012_0034_0032_0120_0120.jpg 1 34 32 120 120
0013_0306_0079_0279_0279.jpg 1 306 79 279 279
0014_0009_0119_0094_0094.jpg 1 9 119 94 94
0015_0077_0057_0133_0133.jpg 1 77 57 133 133
0016_0286_0074_0254_0254.jpg 1 286 74 254 254
0017_0154_0173_0172_0172.jpg 1 154 173 172 172
0018_0192_0144_0302_0302.jpg 1 192 144 302 302
0019_0066_0082_0066_0066.jpg 1 66 82 66 66
0020_0046_0061_0074_0074.jpg 1 46 61 74 74
0021_0045_0071_0065_0065.jpg 1 45 71 65 65
0022_0164_0264_0123_0123.jpg 1 164 264 123 123
0023_0032_0019_0112_0112.jpg 1 32 19 112 112
0024_0060_0126_0087_0087.jpg 1 60 126 87 87
0025_0198_0015_0090_0090.jpg 1 198 15 90 90
0026_0124_0183_0273_0273.jpg 1 124 183 273 273
0027_0073_0112_0077_0077.jpg 1 73 112 77 77
0028_0177_0050_0104_0104.jpg 1 177 50 104 104
0029_0121_0051_0073_0073.jpg 1 121 51 73 73
0030_0473_0318_0089_0089.jpg 1 473 318 89 89
0031_0251_0276_0053_0053.jpg 1 251 276 53 53
0032_0190_0204_0087_0087.jpg 1 190 204 87 87
0033_0061_0078_0067_0067.jpg 1 61 78 67 67
0034_0334_0270_0113_0113.jpg 1 334 270 113 113
0035_0041_0084_0090_0090.jpg 1 41 84 90 90
0036_0087_0061_0089_0089.jpg 1 87 61 89 89
0037_0087_0062_0334_0334.jpg 1 87 62 334 334
0038_0082_0019_0139_0139.jpg 1 82 19 139 139
0039_0013_0078_0150_0150.jpg 1 13 78 150 150
0040_0054_0097_0058_0058.jpg 1 54 97 58 58
0041_0050_0270_0232_0232.jpg 1 50 270 232 232
0042_0141_0093_0078_0078.jpg 1 141 93 78 78
0043_0059_0090_0052_0052.jpg 1 59 90 52 52
0044_0241_0061_0222_0222.jpg 1 241 61 222 222
0045_0066_0094_0106_0106.jpg 1 66 94 106 106
0046_0145_0050_0108_0108.jpg 1 145 50 108 108
0047_0367_0222_0155_0155.jpg 1 367 222 155 155
0048_0122_0030_0082_0082.jpg 1 122 30 82 82
0049_0051_0096_0083_0083.jpg 1 51 96 83 83
0050_0397_0300_0103_0103.jpg 1 397 300 103 103
0051_0074_0061_0121_0121.jpg 1 74 61 121 121
0052_0036_0071_0091_0091.jpg 1 36 71 91 91
0053_0241_0207_0157_0157.jpg 1 241 207 157 157
0054_0068_0031_0097_0097.jpg 1 68 31 97 97
0055_0061_0036_0112_0112.jpg 1 61 36 112 112
0056_0088_0207_0160_0160.jpg 1 88 207 160 160
0057_0301_0208_0174_0174.jpg 1 301 208 174 174
0058_0059_0042_0148_0148.jpg 1 59 42 148 148
0059_0052_0118_0093_0093.jpg 1 52 118 93 93
0060_0135_0102_0121_0121.jpg 1 135 102 121 121
0061_0072_0040_0125_0125.jpg 1 72 40 125 125
0062_0164_0118_0316_0316.jpg 1 164 118 316 316
0063_0054_0084_0050_0050.jpg 1 54 84 50 50
0064_0133_0225_0295_0295.jpg 1 133 225 295 295
0065_0033_0042_0100_0100.jpg 1 33 42 100 100
0066_0106_0060_0226_0226.jpg 1 106 60 226 226
0067_0167_0032_0096_0096.jpg 1 167 32 96 96
0068_0242_0049_0303_0303.jpg 1 242 49 303 303
0069_0140_0143_0062_0062.jpg 1 140 143 62 62
0070_0047_0067_0125_0125.jpg 1 47 67 125 125
0071_0117_0136_0273_0273.jpg 1 117 136 273 273
0072_0098_0043_0084_0084.jpg 1 98 43 84 84
0073_0094_0036_0296_0296.jpg 1 94 36 296 296
0074_0203_0303_0129_0129.jpg 1 203 303 129 129
0075_0199_0168_0223_0223.jpg 1 199 168 223 223
0076_0222_0092_0311_0311.jpg 1 222 92 311 311
0077_0127_0038_0132_0132.jpg 1 127 38 132 132
0078_0069_0073_0153_0153.jpg 1 69 73 153 153
0079_0420_0328_0098_0098.jpg 1 420 328 98 98
0080_0189_0119_0242_0242.jpg 1 189 119 242 242
0081_0107_0148_0297_0297.jpg 1 107 148 297 297
0082_0187_0056_0103_0103.jpg 1 187 56 103 103
0083_0066_0076_0076_0076.jpg 1 66 76 76 76
0084_0124_0111_0322_0322.jpg 1 124 111 322 322
0085_0014_0074_0144_0144.jpg 1 14 74 144 144
0086_0088_0039_0322_0322.jpg 1 88 39 322 322
0087_0062_0059_0111_0111.jpg 1 62 59 111 111
0088_0378_0171_0212_0212.jpg 1 378 171 212 212
0089_0409_0047_0166_0166.jpg 1 409 47 166 166
0090_0375_0200_0195_0195.jpg 1 375 200 195 195
0091_0177_0088_0188_0188.jpg 1 177 88 188 188
0092_0100_0342_0087_0087.jpg 1 100 342 87 87
0093_0091_0075_0048_0048.jpg 1 91 75 48 48
0094_0082_0137_0278_0278.jpg 1 82 137 278 278
0095_0052_0091_0098_0098.jpg 1 52 91 98 98
0096_0182_0218_0162_0162.jpg 1 182 218 162 162
0097_0084_0095_0098_0098.jpg 1 84 95 98 98
0098_0062_0022_0136_0136.jpg 1 62 22 136 136
0099_0102_0019_0125_0125.jpg 1 102 19 125 125
0100_0061_0151_0132_0132.jpg 1 61 151 132 132
0101_0038_0184_0269_0269.jpg 1 38 184 269 269
0102_0148_0045_0151_0151.jpg 1 148 45 151 151
0103_0018_0089_0119_0119.jpg 1 18 89 119 119
0104_0334_0031_0236_0236.jpg 1 334 31 236 236
0105_0374_0202_0089_0089.jpg 1 374 202 89 89
0106_0109_0152_0060_0060.jpg 1 109 152 60 60
0107_0061_0071_0106_0106.jpg 1 61 71 106 106
0108_0090_0064_0092_0092.jpg 1 90 64 92 92
0109_0029_0038_0090_0090.jpg 1 29 38 90 90
0110_0372_0083_0160_0160.jpg 1 372 83 160 160
0111_0106_0115_0109_0109.jpg 1 106 115 109 109
0112_0028_0018_0118_0118.jpg 1 28 18 118 118
0113_0068_0062_0179_0179.jpg 1 68 62 179 179
0114_0326_0171_0181_0181.jpg 1 326 171 181 181
0115_0214_0134_0056_0056.jpg 1 214 134 56 56
0116_0231_0117_0059_0059.jpg 1 231 117 59 59
0117_0305_0132_0287_0287.jpg 1 305 132 287 287
0118_0095_0025_0135_0135.jpg 1 95 25 135 135
0119_0063_0044_0157_0157.jpg 1 63 44 157 157
0120_0263_0201_0227_0227.jpg 1 263 201 227 227
0121_0135_0323_0105_0105.jpg 1 135 323 105 105
0122_0174_0087_0083_0083.jpg 1 174 87 83 83
0123_0273_0199_0215_0215.jpg 1 273 199 215 215
0124_0464_0102_0065_0065.jpg 1 464 102 65 65
0125_0294_0124_0249_0249.jpg 1 294 124 249 249
0126_0117_0087_0085_0085.jpg 1 117 87 85 85
0127_0129_0060_0233_0233.jpg 1 129 60 233 233
0128_0241_0153_0250_0250.jpg 1 241 153 250 250
