0001_0092_0062_0070_0070.jpg 1 92 62 70 70
0002_0257_0058_0233_0233.jpg 1 257 58 233 233
0003_0170_0053_0095_0095.jpg 1 170 53 95 95
0004_0024_0085_0125_0125.jpg 1 24 85 125 125
0005_0068_0098_0059_0059.jpg 1 68 98 59 59
0006_0081_0112_0316_0316.jpg 1 81 112 316 316
0007_0192_0052_0324_0324.jpg 1 192 52 324 324
0008_0193_0012_0087_0087.jpg 1 193 12 87 87
0009_0189_0088_0074_0074.jpg 1 189 88 74 74
0010_0019_0032_0058_0058.jpg 1 19 32 58 58
0011_0105_0068_0149_0149.jpg 1 105 68 149 149
0012_0415_0309_0051_0051.jpg 1 415 309 51 51
0013_0249_0207_0196_0196.jpg 1 249 207 196 196
0014_0185_0080_0280_0280.jpg 1 185 80 280 280
0015_0027_0141_0051_0051.jpg 1 27 141 51 51
0016_0350_0178_0086_0086.jpg 1 350 178 86 86
0017_0073_0062_0087_0087.jpg 1 73 62 87 87
0018_0006_0077_0109_0109.jpg 1 6 77 109 109
0019_0165_0018_0124_0124.jpg 1 165 18 124 124
0020_0258_0076_0290_0290.jpg 1 258 76 290 290
0021_0066_0220_0130_0130.jpg 1 66 220 130 130
0022_0242_0159_0085_0085.jpg 1 242 159 85 85
0023_0252_0084_0176_0176.jpg 1 252 84 176 176
0024_0136_0031_0125_0125.jpg 1 136 31 125 125
0025_0175_0211_0192_0192.jpg 1 175 211 192 192
0026_0043_0127_0276_0276.jpg 1 43 127 276 276
0027_0055_0177_0186_0186.jpg 1 55 177 186 186
0028_0049_0053_0129_0129.jpg 1 49 53 129 129
0029_0061_0063_0140_0140.jpg 1 61 63 140 140
0030_0089_0073_0067_0067.jpg 1 89 73 67 67
0031_0220_0106_0070_0070.jpg 1 220 106 70 70
0032_0261_0054_0314_0314.jpg 1 261 54 314 314
0033_0130_0189_0252_0252.jpg 1 130 189 252 252
0034_0178_0073_0060_0060.jpg 1 178 73 60 60
0035_0040_0382_0210_0210.jpg 1 40 382 210 210
0036_0121_0051_0104_0104.jpg 1 121 51 104 104
0037_0094_0131_0334_0334.jpg 1 94 131 334 334
0038_0078_0098_0052_0052.jpg 1 78 98 52 52
0039_0379_0080_0196_0196.jpg 1 379 80 196 196
0040_0271_0105_0181_0181.jpg 1 271 105 181 181
0041_0098_0091_0124_0124.jpg 1 98 91 124 124
0042_0020_0038_0054_0054.jpg 1 20 38 54 54
0043_0418_0161_0102_0102.jpg 1 418 161 102 102
0044_0236_0206_0128_0128.jpg 1 236 206 128 128
0045_0430_0311_0069_0069.jpg 1 430 311 69 69
0046_0254_0229_0175_0175.jpg 1 254 229 175 175
0047_0080_0088_0101_0101.jpg 1 80 88 101 101
0048_0233_0053_0316_0316.jpg 1 233 53 316 316
0049_0241_0141_0168_0168.jpg 1 241 141 168 168
0050_0130_0101_0133_0133.jpg 1 130 101 133 133
0051_0127_0032_0053_0053.jpg 1 127 32 53 53
0052_0383_0203_0206_0206.jpg 1 383 203 206 206
0053_0257_0111_0242_0242.jpg 1 257 111 242 242
0054_0253_0139_0263_0263.jpg 1 253 139 263 263
0055_0455_0051_0112_0112.jpg 1 455 51 112 112
0056_0091_0036_0094_0094.jpg 1 91 36 94 94
0057_0042_0200_0231_0231.jpg 1 42 200 231 231
0058_0083_0104_0109_0109.jpg 1 83 104 109 109
0059_0102_0022_0086_0086.jpg 1 102 22 86 86
0060_0085_0059_0295_0295.jpg 1 85 59 295 295
0061_0257_0095_0309_0309.jpg 1 257 95 309 309
0062_0032_0115_0201_0201.jpg 1 32 115 201 201
0063_0232_0094_0058_0058.jpg 1 232 94 58 58
0064_0091_0109_0093_0093.jpg 1 91 109 93 93
0065_0060_0034_0138_0138.jpg 1 60 34 138 138
0066_0167_0126_0079_0079.jpg 1 167 126 79 79
0067_0086_0061_0137_0137.jpg 1 86 61 137 137
0068_0055_0030_0121_0121.jpg 1 55 30 121 121
0069_0040_0128_0094_0094.jpg 1 40 128 94 94
0070_0067_0149_0264_0264.jpg 1 67 149 264 264
0071_0256_0106_0315_0315.jpg 1 256 106 315 315
0072_0123_0091_0058_0058.jpg 1 123 91 58 58
0073_0117_0037_0069_0069.jpg 1 117 37 69 69
0074_0158_0117_0048_0048.jpg 1 158 117 48 48
0075_0114_0110_0068_0068.jpg 1 114 110 68 68
0076_0013_0107_0097_0097.jpg 1 13 107 97 97
0077_0377_0259_0161_0161.jpg 1 377 259 161 161
0078_0182_0059_0225_0225.jpg 1 182 59 225 225
0079_0066_0063_0049_0049.jpg 1 66 63 49 49
0080_0147_0040_0089_0089.jpg 1 147 40 89 89
0081_0127_0168_0309_0309.jpg 1 127 168 309 309
0082_0076_0024_0166_0166.jpg 1 76 24 166 166
0083_0169_0189_0268_0268.jpg 1 169 189 268 268
0084_0117_0132_0053_0053.jpg 1 117 132 53 53
0085_0206_0068_0074_0074.jpg 1 206 68 74 74
0086_0065_0072_0090_0090.jpg 1 65 72 90 90
0087_0135_0012_0108_0108.jpg 1 135 12 108 108
0088_0151_0363_0055_0055.jpg 1 151 363 55 55
0089_0015_0037_0071_0071.jpg 1 15 37 71 71
0090_0262_0517_0048_0048.jpg 1 262 517 48 48
0091_0078_0141_0071_0071.jpg 1 78 141 71 71
0092_0078_0118_0324_0324.jpg 1 78 118 324 324
0093_0177_0026_0058_0058.jpg 1 177 26 58 58
0094_0163_0099_0281_0281.jpg 1 163 99 281 281
0095_0257_0130_0198_0198.jpg 1 257 130 198 198
0096_0113_0079_0071_0071.jpg 1 113 79 71 71
0097_0051_0141_0052_0052.jpg 1 51 141 52 52
0098_0265_0292_0110_0110.jpg 1 265 292 110 110
0099_0159_0141_0254_0254.jpg 1 159 141 254 254
0100_0162_0296_0139_0139.jpg 1 162 296 139 139
0101_0153_0132_0071_0071.jpg 1 153 132 71 71
0102_0147_0160_0315_0315.jpg 1 147 160 315 315
0103_0084_0066_0132_0132.jpg 1 84 66 132 132
0104_0181_0027_0075_0075.jpg 1 181 27 75 75
0105_0021_0138_0050_0050.jpg 1 21 138 50 50
0106_0226_0075_0310_0310.jpg 1 226 75 310 310
0107_0054_0209_0261_0261.jpg 1 54 209 261 261
0108_0070_0074_0068_0068.jpg 1 70 74 68 68
0109_0137_0108_0240_0240.jpg 1 137 108 240 240
0110_0050_0095_0074_0074.jpg 1 50 95 74 74
0111_0238_0115_0052_0052.jpg 1 238 115 52 52
0112_0104_0041_0321_0321.jpg 1 104 41 321 321
0113_0041_0161_0048_0048.jpg 1 41 161 48 48
0114_0176_0071_0090_0090.jpg 1 176 71 90 90
0115_0082_0045_0305_0305.jpg 1 82 45 305 305
0116_0163_0080_0245_0245.jpg 1 163 80 245 245
0117_0048_0075_0069_0069.jpg 1 48 75 69 69
0118_0151_0120_0282_0282.jpg 1 151 120 282 282
0119_0081_0073_0151_0151.jpg 1 81 73 151 151
0120_0285_0160_0284_0284.jpg 1 285 160 284 284
0121_0093_0070_0281_0281.jpg 1 93 70 281 281
0122_0052_0049_0325_0325.jpg 1 52 49 325 325
0123_0060_0112_0062_0062.jpg 1 60 112 62 62
0124_0056_0079_0049_0049.jpg 1 56 79 49 49
0125_0252_0043_0191_0191.jpg 1 252 43 191 191
0126_0060_0170_0332_0332.jpg 1 60 170 332 332
0127_0202_0089_0249_0249.jpg 1 202 89 249 249
0128_0134_0254_0256_0256.jpg 1 134 254 256 256
