0001_0153_0071_0143_0143.jpg 1 153 71 143 143
0002_0014_0109_0100_0100.jpg 1 14 109 100 100
0003_0107_0068_0328_0328.jpg 1 107 68 328 328
0004_0065_0175_0199_0199.jpg 1 65 175 199 199
0005_0419_0194_0164_0164.jpg 1 419 194 164 164
0006_0110_0116_0071_0071.jpg 1 110 116 71 71
0007_0190_0138_0119_0119.jpg 1 190 138 119 119
0008_0173_0033_0299_0299.jpg 1 173 33 299 299
0009_0105_0215_0231_0231.jpg 1 105 215 231 231
0010_0352_0219_0147_0147.jpg 1 352 219 147 147
0011_0208_0123_0255_0255.jpg 1 208 123 255 255
0012_0030_0044_0129_0129.jpg 1 30 44 129 129
0013_0177_0216_0227_0227.jpg 1 177 216 227 227
0014_0035_0334_0250_0250.jpg 1 35 334 250 250
0015_0025_0110_0099_0099.jpg 1 25 110 99 99
0016_0059_0101_0220_0220.jpg 1 59 101 220 220
0017_0062_0201_0088_0088.jpg 1 62 201 88 88
0018_0042_0190_0296_0296.jpg 1 42 190 296 296
0019_0153_0028_0238_0238.jpg 1 153 28 238 238
0020_0047_0152_0302_0302.jpg 1 47 152 302 302
0021_0160_0046_0234_0234.jpg 1 160 46 234 234
0022_0022_0031_0143_0143.jpg 1 22 31 143 143
0023_0348_0265_0179_0179.jpg 1 348 265 179 179
0024_0277_0107_0330_0330.jpg 1 277 107 330 330
0025_0020_0040_0150_0150.jpg 1 20 40 150 150
0026_0063_0152_0110_0110.jpg 1 63 152 110 110
0027_0232_0126_0171_0171.jpg 1 232 126 171 171
0028_0060_0041_0140_0140.jpg 1 60 41 140 140
0029_0240_0486_0089_0089.jpg 1 240 486 89 89
0030_0041_0043_0132_0132.jpg 1 41 43 132 132
0031_0037_0149_0048_0048.jpg 1 37 149 48 48
0032_0103_0050_0105_0105.jpg 1 103 50 105 105
0033_0097_0258_0284_0284.jpg 1 97 258 284 284
0034_0249_0055_0282_0282.jpg 1 249 55 282 282
0035_0313_0152_0158_0158.jpg 1 313 152 158 158
0036_0064_0090_0103_0103.jpg 1 64 90 103 103
0037_0034_0063_0068_0068.jpg 1 34 63 68 68
0038_0388_0104_0138_0138.jpg 1 388 104 138 138
0039_0220_0139_0168_0168.jpg 1 220 139 168 168
0040_0067_0168_0267_0267.jpg 1 67 168 267 267
0041_0074_0145_0193_0193.jpg 1 74 145 193 193
0042_0056_0079_0149_0149.jpg 1 56 79 149 149
0043_0052_0057_0115_0115.jpg 1 52 57 115 115
0044_0056_0040_0114_0114.jpg 1 56 40 114 114
0045_0063_0103_0105_0105.jpg 1 63 103 105 105
0046_0233_0115_0158_0158.jpg 1 233 115 158 158
0047_0087_0082_0301_0301.jpg 1 87 82 301 301
0048_0046_0024_0051_0051.jpg 1 46 24 51 51
0049_0015_0059_0129_0129.jpg 1 15 59 129 129
0050_0099_0230_0185_0185.jpg 1 99 230 185 185
0051_0026_0103_0065_0065.jpg 1 26 103 65 65
0052_0029_0044_0127_0127.jpg 1 29 44 127 127
0053_0483_0171_0064_0064.jpg 1 483 171 64 64
0054_0284_0023_0253_0253.jpg 1 284 23 253 253
0055_0244_0075_0227_0227.jpg 1 244 75 227 227
0056_0065_0051_0102_0102.jpg 1 65 51 102 102
0057_0105_0244_0295_0295.jpg 1 105 244 295 295
0058_0370_0205_0123_0123.jpg 1 370 205 123 123
0059_0066_0085_0076_0076.jpg 1 66 85 76 76
0060_0064_0109_0078_0078.jpg 1 64 109 78 78
0061_0250_0096_0311_0311.jpg 1 250 96 311 311
0062_0063_0065_0142_0142.jpg 1 63 65 142 142
0063_0161_0056_0240_0240.jpg 1 161 56 240 240
0064_0010_0089_0065_0065.jpg 1 10 89 65 65
0065_0094_0103_0096_0096.jpg 1 94 103 96 96
0066_0221_0078_0101_0101.jpg 1 221 78 101 101
0067_0121_0041_0142_0142.jpg 1 121 41 142 142
0068_0058_0090_0080_0080.jpg 1 58 90 80 80
0069_0112_0324_0092_0092.jpg 1 112 324 92 92
0070_0307_0205_0112_0112.jpg 1 307 205 112 112
0071_0046_0081_0099_0099.jpg 1 46 81 99 99
0072_0069_0018_0090_0090.jpg 1 69 18 90 90
0073_0016_0042_0165_0165.jpg 1 16 42 165 165
0074_0071_0141_0065_0065.jpg 1 71 141 65 65
0075_0089_0050_0291_0291.jpg 1 89 50 291 291
0076_0128_0056_0128_0128.jpg 1 128 56 128 128
0077_0190_0022_0082_0082.jpg 1 190 22 82 82
0078_0240_0059_0056_0056.jpg 1 240 59 56 56
0079_0042_0062_0115_0115.jpg 1 42 62 115 115
0080_0157_0102_0238_0238.jpg 1 157 102 238 238
0081_0063_0042_0064_0064.jpg 1 63 42 64 64
0082_0120_0090_0206_0206.jpg 1 120 90 206 206
0083_0200_0030_0082_0082.jpg 1 200 30 82 82
0084_0055_0037_0113_0113.jpg 1 55 37 113 113
0085_0047_0046_0136_0136.jpg 1 47 46 136 136
0086_0347_0085_0125_0125.jpg 1 347 85 125 125
0087_0127_0076_0130_0130.jpg 1 127 76 130 130
0088_0076_0019_0135_0135.jpg 1 76 19 135 135
0089_0315_0122_0220_0220.jpg 1 315 122 220 220
0090_0046_0014_0114_0114.jpg 1 46 14 114 114
0091_0194_0154_0236_0236.jpg 1 194 154 236 236
0092_0132_0045_0077_0077.jpg 1 132 45 77 77
0093_0286_0240_0192_0192.jpg 1 286 240 192 192
0094_0125_0076_0137_0137.jpg 1 125 76 137 137
0095_0226_0103_0050_0050.jpg 1 226 103 50 50
0096_0252_0038_0327_0327.jpg 1 252 38 327 327
0097_0121_0074_0118_0118.jpg 1 121 74 118 118
0098_0282_0312_0057_0057.jpg 1 282 312 57 57
0099_0039_0042_0112_0112.jpg 1 39 42 112 112
0100_0078_0119_0066_0066.jpg 1 78 119 66 66
0101_0232_0079_0207_0207.jpg 1 232 79 207 207
0102_0173_0054_0167_0167.jpg 1 173 54 167 167
0103_0029_0045_0071_0071.jpg 1 29 45 71 71
0104_0048_0019_0151_0151.jpg 1 48 19 151 151
0105_0177_0098_0096_0096.jpg 1 177 98 96 96
0106_0356_0071_0049_0049.jpg 1 356 71 49 49
0107_0321_0139_0269_0269.jpg 1 321 139 269 269
0108_0194_0020_0095_0095.jpg 1 194 20 95 95
0109_0067_0252_0053_0053.jpg 1 67 252 53 53
0110_0144_0030_0111_0111.jpg 1 144 30 111 111
0111_0165_0078_0230_0230.jpg 1 165 78 230 230
0112_0281_0092_0214_0214.jpg 1 281 92 214 214
0113_0032_0118_0070_0070.jpg 1 32 118 70 70
0114_0275_0168_0282_0282.jpg 1 275 168 282 282
0115_0135_0384_0054_0054.jpg 1 135 384 54 54
0116_0210_0124_0307_0307.jpg 1 210 124 307 307
0117_0160_0098_0058_0058.jpg 1 160 98 58 58
0118_0162_0048_0294_0294.jpg 1 162 48 294 294
0119_0032_0161_0056_0056.jpg 1 32 161 56 56
0120_0049_0109_0052_0052.jpg 1 49 109 52 52
0121_0309_0039_0264_0264.jpg 1 309 39 264 264
0122_0448_0065_0094_0094.jpg 1 448 65 94 94
0123_0054_0062_0166_0166.jpg 1 54 62 166 166
0124_0160_0029_0086_0086.jpg 1 160 29 86 86
0125_0050_0075_0269_0269.jpg 1 50 75 269 269
0126_0027_0038_0050_0050.jpg 1 27 38 50 50
0127_0126_0028_0088_0088.jpg 1 126 28 88 88
0128_0043_0113_0222_0222.jpg 1 43 113 222 222
