0001_0054_0014_0125_0125.jpg 1 54 14 125 125
0002_0037_0051_0128_0128.jpg 1 37 51 128 128
0003_0293_0123_0269_0269.jpg 1 293 123 269 269
0004_0048_0060_0159_0159.jpg 1 48 60 159 159
0005_0236_0027_0228_0228.jpg 1 236 27 228 228
0006_0124_0286_0314_0314.jpg 1 124 286 314 314
0007_0052_0136_0055_0055.jpg 1 52 136 55 55
0008_0073_0042_0142_0142.jpg 1 73 42 142 142
0009_0155_0022_0297_0297.jpg 1 155 22 297 297
0010_0381_0234_0050_0050.jpg 1 381 234 50 50
0011_0214_0030_0332_0332.jpg 1 214 30 332 332
0012_0094_0099_0077_0077.jpg 1 94 99 77 77
0013_0238_0105_0264_0264.jpg 1 238 105 264 264
0014_0049_0052_0189_0189.jpg 1 49 52 189 189
0015_0331_0258_0160_0160.jpg 1 331 258 160 160
0016_0090_0017_0126_0126.jpg 1 90 17 126 126
0017_0035_0010_0124_0124.jpg 1 35 10 124 124
0018_0188_0104_0051_0051.jpg 1 188 104 51 51
0019_0044_0075_0185_0185.jpg 1 44 75 185 185
0020_0426_0342_0058_0058.jpg 1 426 342 58 58
0021_0139_0173_0167_0167.jpg 1 139 173 167 167
0022_0042_0018_0306_0306.jpg 1 42 18 306 306
0023_0180_0113_0110_0110.jpg 1 180 113 110 110
0024_0023_0079_0080_0080.jpg 1 23 79 80 80
0025_0236_0171_0256_0256.jpg 1 236 171 256 256
0026_0237_0093_0153_0153.jpg 1 237 93 153 153
0027_0168_0027_0057_0057.jpg 1 168 27 57 57
0028_0121_0028_0127_0127.jpg 1 121 28 127 127
0029_0286_0215_0208_0208.jpg 1 286 215 208 208
0030_0040_0037_0166_0166.jpg 1 40 37 166 166
0031_0288_0151_0136_0136.jpg 1 288 151 136 136
0032_0141_0212_0107_0107.jpg 1 141 212 107 107
0033_0127_0069_0129_0129.jpg 1 127 69 129 129
0034_0069_0077_0265_0265.jpg 1 69 77 265 265
0035_0212_0218_0230_0230.jpg 1 212 218 230 230
0036_0120_0079_0226_0226.jpg 1 120 79 226 226
0037_0209_0143_0272_0272.jpg 1 209 143 272 272
0038_0056_0259_0272_0272.jpg 1 56 259 272 272
0039_0142_0331_0169_0169.jpg 1 142 331 169 169
0040_0023_0046_0100_0100.jpg 1 23 46 100 100
0041_0319_0061_0112_0112.jpg 1 319 61 112 112
0042_0116_0073_0110_0110.jpg 1 116 73 110 110
0043_0160_0133_0186_0186.jpg 1 160 133 186 186
0044_0088_0186_0235_0235.jpg 1 88 186 235 235
0045_0380_0166_0180_0180.jpg 1 380 166 180 180
0046_0183_0173_0121_0121.jpg 1 183 173 121 121
0047_0338_0089_0048_0048.jpg 1 338 89 48 48
0048_0032_0041_0071_0071.jpg 1 32 41 71 71
0049_0128_0052_0144_0144.jpg 1 128 52 144 144
0050_0014_0025_0088_0088.jpg 1 14 25 88 88
0051_0113_0096_0091_0091.jpg 1 113 96 91 91
0052_0050_0130_0070_0070.jpg 1 50 130 70 70
0053_0152_0156_0283_0283.jpg 1 152 156 283 283
0054_0138_0033_0108_0108.jpg 1 138 33 108 108
0055_0117_0120_0084_0084.jpg 1 117 120 84 84
0056_0290_0101_0194_0194.jpg 1 290 101 194 194
0057_0154_0244_0163_0163.jpg 1 154 244 163 163
0058_0042_0029_0120_0120.jpg 1 42 29 120 120
0059_0437_0265_0130_0130.jpg 1 437 265 130 130
0060_0048_0048_0051_0051.jpg 1 48 48 51 51
0061_0096_0029_0223_0223.jpg 1 96 29 223 223
0062_0114_0210_0237_0237.jpg 1 114 210 237 237
0063_0092_0313_0289_0289.jpg 1 92 313 289 289
0064_0033_0128_0180_0180.jpg 1 33 128 180 180
0065_0268_0200_0114_0114.jpg 1 268 200 114 114
0066_0030_0097_0062_0062.jpg 1 30 97 62 62
0067_0209_0060_0127_0127.jpg 1 209 60 127 127
0068_0059_0169_0195_0195.jpg 1 59 169 195 195
0069_0222_0049_0140_0140.jpg 1 222 49 140 140
0070_0078_0302_0066_0066.jpg 1 78 302 66 66
0071_0220_0117_0066_0066.jpg 1 220 117 66 66
0072_0303_0129_0084_0084.jpg 1 303 129 84 84
0073_0020_0113_0057_0057.jpg 1 20 113 57 57
0074_0121_0067_0149_0149.jpg 1 121 67 149 149
0075_0009_0043_0086_0086.jpg 1 9 43 86 86
0076_0206_0093_0285_0285.jpg 1 206 93 285 285
0077_0052_0016_0160_0160.jpg 1 52 16 160 160
0078_0102_0057_0095_0095.jpg 1 102 57 95 95
0079_0068_0091_0057_0057.jpg 1 68 91 57 57
0080_0036_0112_0114_0114.jpg 1 36 112 114 114
0081_0031_0019_0062_0062.jpg 1 31 19 62 62
0082_0033_0032_0301_0301.jpg 1 33 32 301 301
0083_0189_0145_0214_0214.jpg 1 189 145 214 214
0084_0162_0030_0263_0263.jpg 1 162 30 263 263
0085_0092_0038_0115_0115.jpg 1 92 38 115 115
0086_0275_0025_0274_0274.jpg 1 275 25 274 274
0087_0151_0079_0275_0275.jpg 1 151 79 275 275
0088_0169_0236_0054_0054.jpg 1 169 236 54 54
0089_0267_0025_0254_0254.jpg 1 267 25 254 254
0090_0126_0029_0048_0048.jpg 1 126 29 48 48
0091_0159_0173_0281_0281.jpg 1 159 173 281 281
0092_0247_0236_0181_0181.jpg 1 247 236 181 181
0093_0227_0246_0092_0092.jpg 1 227 246 92 92
0094_0154_0077_0268_0268.jpg 1 154 77 268 268
0095_0058_0227_0174_0174.jpg 1 58 227 174 174
0096_0197_0051_0056_0056.jpg 1 197 51 56 56
0097_0200_0094_0203_0203.jpg 1 200 94 203 203
0098_0147_0068_0121_0121.jpg 1 147 68 121 121
0099_0259_0193_0117_0117.jpg 1 259 193 117 117
0100_0066_0029_0073_0073.jpg 1 66 29 73 73
0101_0162_0084_0108_0108.jpg 1 162 84 108 108
0102_0180_0036_0083_0083.jpg 1 180 36 83 83
0103_0263_0167_0275_0275.jpg 1 263 167 275 275
0104_0256_0185_0217_0217.jpg 1 256 185 217 217
0105_0025_0024_0136_0136.jpg 1 25 24 136 136
0106_0334_0094_0058_0058.jpg 1 334 94 58 58
0107_0155_0158_0302_0302.jpg 1 155 158 302 302
0108_0331_0137_0235_0235.jpg 1 331 137 235 235
0109_0184_0247_0049_0049.jpg 1 184 247 49 49
0110_0085_0200_0190_0190.jpg 1 85 200 190 190
0111_0253_0264_0107_0107.jpg 1 253 264 107 107
0112_0081_0036_0108_0108.jpg 1 81 36 108 108
0113_0161_0046_0130_0130.jpg 1 161 46 130 130
0114_0080_0016_0137_0137.jpg 1 80 16 137 137
0115_0044_0078_0201_0201.jpg 1 44 78 201 201
0116_0457_0094_0095_0095.jpg 1 457 94 95 95
0117_0425_0225_0060_0060.jpg 1 425 225 60 60
0118_0054_0136_0200_0200.jpg 1 54 136 200 200
0119_0139_0085_0083_0083.jpg 1 139 85 83 83
0120_0171_0073_0145_0145.jpg 1 171 73 145 145
0121_0163_0072_0098_0098.jpg 1 163 72 98 98
0122_0089_0270_0232_0232.jpg 1 89 270 232 232
0123_0163_0125_0085_0085.jpg 1 163 125 85 85
0124_0136_0058_0275_0275.jpg 1 136 58 275 275
0125_0067_0232_0088_0088.jpg 1 67 232 88 88
0126_0223_0195_0154_0154.jpg 1 223 195 154 154
0127_0338_0035_0211_0211.jpg 1 338 35 211 211
0128_0030_0045_0093_0093.jpg 1 30 45 93 93
