0001_0062_0021_0155_0155.jpg 1 62 21 155 155
0002_0130_0033_0137_0137.jpg 1 130 33 137 137
0003_0101_0127_0092_0092.jpg 1 101 127 92 92
0004_0132_0099_0274_0274.jpg 1 132 99 274 274
0005_0105_0043_0152_0152.jpg 1 105 43 152 152
0006_0091_0070_0117_0117.jpg 1 91 70 117 117
0007_0152_0105_0096_0096.jpg 1 152 105 96 96
0008_0041_0063_0087_0087.jpg 1 41 63 87 87
0009_0123_0149_0292_0292.jpg 1 123 149 292 292
0010_0161_0226_0100_0100.jpg 1 161 226 100 100
0011_0018_0043_0140_0140.jpg 1 18 43 140 140
0012_0183_0109_0074_0074.jpg 1 183 109 74 74
0013_0055_0103_0332_0332.jpg 1 55 103 332 332
0014_0060_0064_0125_0125.jpg 1 60 64 125 125
0015_0348_0054_0060_0060.jpg 1 348 54 60 60
0016_0105_0019_0120_0120.jpg 1 105 19 120 120
0017_0038_0102_0054_0054.jpg 1 38 102 54 54
0018_0071_0015_0127_0127.jpg 1 71 15 127 127
0019_0339_0087_0189_0189.jpg 1 339 87 189 189
0020_0079_0050_0109_0109.jpg 1 79 50 109 109
0021_0169_0064_0131_0131.jpg 1 169 64 131 131
0022_0050_0132_0051_0051.jpg 1 50 132 51 51
0023_0160_0165_0124_0124.jpg 1 160 165 124 124
0024_0339_0248_0115_0115.jpg 1 339 248 115 115
0025_0036_0122_0057_0057.jpg 1 36 122 57 57
0026_0167_0051_0066_0066.jpg 1 167 51 66 66
0027_0035_0119_0332_0332.jpg 1 35 119 332 332
0028_0072_0022_0149_0149.jpg 1 72 22 149 149
0029_0046_0018_0165_0165.jpg 1 46 18 165 165
0030_0085_0063_0138_0138.jpg 1 85 63 138 138
0031_0036_0031_0087_0087.jpg 1 36 31 87 87
0032_0016_0149_0061_0061.jpg 1 16 149 61 61
0033_0089_0075_0111_0111.jpg 1 89 75 111 111
0034_0181_0185_0243_0243.jpg 1 181 185 243 243
0035_0449_0330_0051_0051.jpg 1 449 330 51 51
0036_0079_0141_0314_0314.jpg 1 79 141 314 314
0037_0040_0063_0104_0104.jpg 1 40 63 104 104
0038_0066_0086_0222_0222.jpg 1 66 86 222 222
0039_0349_0353_0091_0091.jpg 1 349 353 91 91
0040_0049_0142_0295_0295.jpg 1 49 142 295 295
0041_0167_0062_0092_0092.jpg 1 167 62 92 92
0042_0237_0149_0128_0128.jpg 1 237 149 128 128
0043_0091_0080_0059_0059.jpg 1 91 80 59 59
0044_0099_0033_0052_0052.jpg 1 99 33 52 52
0045_0099_0115_0180_0180.jpg 1 99 115 180 180
0046_0050_0103_0053_0053.jpg 1 50 103 53 53
0047_0058_0046_0112_0112.jpg 1 58 46 112 112
0048_0121_0073_0228_0228.jpg 1 121 73 228 228
0049_0039_0218_0213_0213.jpg 1 39 218 213 213
0050_0200_0218_0161_0161.jpg 1 200 218 161 161
0051_0449_0207_0109_0109.jpg 1 449 207 109 109
0052_0120_0093_0287_0287.jpg 1 120 93 287 287
0053_0172_0061_0067_0067.jpg 1 172 61 67 67
0054_0029_0259_0277_0277.jpg 1 29 259 277 277
0055_0358_0088_0061_0061.jpg 1 358 88 61 61
0056_0101_0093_0118_0118.jpg 1 101 93 118 118
0057_0173_0031_0107_0107.jpg 1 173 31 107 107
0058_0028_0069_0120_0120.jpg 1 28 69 120 120
0059_0215_0450_0115_0115.jpg 1 215 450 115 115
0060_0222_0087_0075_0075.jpg 1 222 87 75 75
0061_0199_0117_0203_0203.jpg 1 199 117 203 203
0062_0264_0238_0175_0175.jpg 1 264 238 175 175
0063_0309_0038_0148_0148.jpg 1 309 38 148 148
0064_0074_0091_0068_0068.jpg 1 74 91 68 68
0065_0091_0110_0089_0089.jpg 1 91 110 89 89
0066_0059_0028_0280_0280.jpg 1 59 28 280 280
0067_0078_0072_0152_0152.jpg 1 78 72 152 152
0068_0405_0222_0180_0180.jpg 1 405 222 180 180
0069_0357_0178_0214_0214.jpg 1 357 178 214 214
0070_0444_0192_0058_0058.jpg 1 444 192 58 58
0071_0031_0055_0093_0093.jpg 1 31 55 93 93
0072_0195_0107_0286_0286.jpg 1 195 107 286 286
0073_0037_0035_0131_0131.jpg 1 37 35 131 131
0074_0231_0126_0310_0310.jpg 1 231 126 310 310
0075_0109_0046_0075_0075.jpg 1 109 46 75 75
0076_0162_0027_0139_0139.jpg 1 162 27 139 139
0077_0148_0156_0237_0237.jpg 1 148 156 237 237
0078_0044_0014_0136_0136.jpg 1 44 14 136 136
0079_0213_0014_0078_0078.jpg 1 213 14 78 78
0080_0026_0074_0110_0110.jpg 1 26 74 110 110
0081_0158_0040_0104_0104.jpg 1 158 40 104 104
0082_0149_0047_0071_0071.jpg 1 149 47 71 71
0083_0044_0077_0092_0092.jpg 1 44 77 92 92
0084_0080_0043_0278_0278.jpg 1 80 43 278 278
0085_0395_0304_0126_0126.jpg 1 395 304 126 126
0086_0299_0047_0295_0295.jpg 1 299 47 295 295
0087_0018_0071_0105_0105.jpg 1 18 71 105 105
0088_0069_0047_0061_0061.jpg 1 69 47 61 61
0089_0069_0078_0098_0098.jpg 1 69 78 98 98
0090_0016_0127_0068_0068.jpg 1 16 127 68 68
0091_0060_0177_0179_0179.jpg 1 60 177 179 179
0092_0049_0104_0100_0100.jpg 1 49 104 100 100
0093_0219_0144_0050_0050.jpg 1 219 144 50 50
0094_0395_0214_0149_0149.jpg 1 395 214 149 149
0095_0145_0099_0065_0065.jpg 1 145 99 65 65
0096_0180_0214_0235_0235.jpg 1 180 214 235 235
0097_0141_0184_0273_0273.jpg 1 141 184 273 273
0098_0192_0109_0076_0076.jpg 1 192 109 76 76
0099_0030_0049_0076_0076.jpg 1 30 49 76 76
0100_0063_0118_0061_0061.jpg 1 63 118 61 61
0101_0057_0103_0051_0051.jpg 1 57 103 51 51
0102_0085_0056_0128_0128.jpg 1 85 56 128 128
0103_0065_0037_0154_0154.jpg 1 65 37 154 154
0104_0138_0099_0273_0273.jpg 1 138 99 273 273
0105_0150_0182_0148_0148.jpg 1 150 182 148 148
0106_0134_0038_0056_0056.jpg 1 134 38 56 56
0107_0018_0076_0142_0142.jpg 1 18 76 142 142
0108_0157_0234_0123_0123.jpg 1 157 234 123 123
0109_0249_0151_0300_0300.jpg 1 249 151 300 300
0110_0069_0106_0254_0254.jpg 1 69 106 254 254
0111_0174_0068_0188_0188.jpg 1 174 68 188 188
0112_0277_0238_0180_0180.jpg 1 277 238 180 180
0113_0442_0047_0099_0099.jpg 1 442 47 99 99
0114_0133_0097_0086_0086.jpg 1 133 97 86 86
0115_0105_0038_0060_0060.jpg 1 105 38 60 60
0116_0052_0085_0064_0064.jpg 1 52 85 64 64
0117_0422_0246_0169_0169.jpg 1 422 246 169 169
0118_0100_0082_0081_0081.jpg 1 100 82 81 81
0119_0080_0069_0134_0134.jpg 1 80 69 134 134
0120_0176_0360_0208_0208.jpg 1 176 360 208 208
0121_0086_0125_0060_0060.jpg 1 86 125 60 60
0122_0097_0107_0060_0060.jpg 1 97 107 60 60
0123_0380_0274_0136_0136.jpg 1 380 274 136 136
0124_0073_0094_0077_0077.jpg 1 73 94 77 77
0125_0155_0064_0280_0280.jpg 1 155 64 280 280
0126_0320_0063_0278_0278.jpg 1 320 63 278 278
0127_0037_0095_0078_0078.jpg 1 37 95 78 78
0128_0342_0137_0122_0122.jpg 1 342 137 122 122
0001_0111_0088_0105_0105.jpg 1 111 88 105 105
0002_0029_0058_0084_0084.jpg 1 29 58 84 84
0003_0039_0103_0082_0082.jpg 1 39 103 82 82
0004_0109_0102_0087_0087.jpg 1 109 102 87 87
0005_0398_0144_0121_0121.jpg 1 398 144 121 121
0006_0109_0105_0126_0126.jpg 1 109 105 126 126
0007_0117_0027_0156_0156.jpg 1 117 27 156 156
0008_0426_0163_0134_0134.jpg 1 426 163 134 134
0009_0030_0054_0092_0092.jpg 1 30 54 92 92
0010_0245_0192_0137_0137.jpg 1 245 192 137 137
0011_0019_0135_0320_0320.jpg 1 19 135 320 320
0012_0162_0037_0058_0058.jpg 1 162 37 58 58
0013_0211_0271_0139_0139.jpg 1 211 271 139 139
0014_0260_0026_0295_0295.jpg 1 260 26 295 295
0015_0025_0136_0076_0076.jpg 1 25 136 76 76
0016_0089_0055_0125_0125.jpg 1 89 55 125 125
0017_0372_0318_0112_0112.jpg 1 372 318 112 112
0018_0099_0074_0153_0153.jpg 1 99 74 153 153
0019_0027_0103_0107_0107.jpg 1 27 103 107 107
0020_0126_0142_0204_0204.jpg 1 126 142 204 204
0021_0352_0087_0178_0178.jpg 1 352 87 178 178
0022_0157_0321_0268_0268.jpg 1 157 321 268 268
0023_0028_0036_0072_0072.jpg 1 28 36 72 72
0024_0117_0092_0099_0099.jpg 1 117 92 99 99
0025_0336_0039_0265_0265.jpg 1 336 39 265 265
0026_0097_0010_0156_0156.jpg 1 97 10 156 156
0027_0062_0082_0144_0144.jpg 1 62 82 144 144
0028_0059_0095_0076_0076.jpg 1 59 95 76 76
0029_0035_0054_0098_0098.jpg 1 35 54 98 98
0030_0355_0304_0114_0114.jpg 1 355 304 114 114
0031_0111_0017_0123_0123.jpg 1 111 17 123 123
0032_0034_0289_0304_0304.jpg 1 34 289 304 304
0033_0069_0207_0165_0165.jpg 1 69 207 165 165
0034_0193_0093_0326_0326.jpg 1 193 93 326 326
0035_0235_0361_0070_0070.jpg 1 235 361 70 70
0036_0438_0155_0078_0078.jpg 1 438 155 78 78
0037_0209_0065_0324_0324.jpg 1 209 65 324 324
0038_0296_0152_0282_0282.jpg 1 296 152 282 282
0039_0017_0038_0156_0156.jpg 1 17 38 156 156
0040_0014_0022_0120_0120.jpg 1 14 22 120 120
0041_0037_0074_0094_0094.jpg 1 37 74 94 94
0042_0410_0210_0069_0069.jpg 1 410 210 69 69
0043_0103_0124_0100_0100.jpg 1 103 124 100 100
0044_0018_0058_0090_0090.jpg 1 18 58 90 90
0045_0113_0058_0118_0118.jpg 1 113 58 118 118
0046_0273_0187_0049_0049.jpg 1 273 187 49 49
0047_0063_0027_0108_0108.jpg 1 63 27 108 108
0048_0231_0104_0316_0316.jpg 1 231 104 316 316
0049_0146_0255_0073_0073.jpg 1 146 255 73 73
0050_0221_0119_0282_0282.jpg 1 221 119 282 282
0051_0258_0031_0245_0245.jpg 1 258 31 245 245
0052_0073_0052_0111_0111.jpg 1 73 52 111 111
0053_0016_0009_0165_0165.jpg 1 16 9 165 165
0054_0103_0032_0124_0124.jpg 1 103 32 124 124
0055_0020_0017_0165_0165.jpg 1 20 17 165 165
0056_0107_0045_0115_0115.jpg 1 107 45 115 115
0057_0132_0276_0200_0200.jpg 1 132 276 200 200
0058_0032_0031_0078_0078.jpg 1 32 31 78 78
0059_0191_0026_0051_0051.jpg 1 191 26 51 51
0060_0059_0052_0113_0113.jpg 1 59 52 113 113
0061_0065_0113_0084_0084.jpg 1 65 113 84 84
0062_0132_0147_0051_0051.jpg 1 132 147 51 51
0063_0009_0016_0112_0112.jpg 1 9 16 112 112
0064_0082_0162_0206_0206.jpg 1 82 162 206 206
0065_0021_0037_0154_0154.jpg 1 21 37 154 154
0066_0148_0317_0234_0234.jpg 1 148 317 234 234
0067_0263_0185_0140_0140.jpg 1 263 185 140 140
0068_0015_0082_0096_0096.jpg 1 15 82 96 96
0069_0266_0100_0310_0310.jpg 1 266 100 310 310
0070_0034_0308_0097_0097.jpg 1 34 308 97 97
0071_0096_0110_0076_0076.jpg 1 96 110 76 76
0072_0367_0081_0213_0213.jpg 1 367 81 213 213
0073_0023_0024_0118_0118.jpg 1 23 24 118 118
0074_0245_0095_0325_0325.jpg 1 245 95 325 325
0075_0112_0214_0171_0171.jpg 1 112 214 171 171
0076_0081_0100_0059_0059.jpg 1 81 100 59 59
0077_0046_0098_0110_0110.jpg 1 46 98 110 110
0078_0087_0071_0127_0127.jpg 1 87 71 127 127
0079_0090_0132_0054_0054.jpg 1 90 132 54 54
0080_0065_0092_0109_0109.jpg 1 65 92 109 109
0081_0221_0091_0118_0118.jpg 1 221 91 118 118
0082_0115_0163_0206_0206.jpg 1 115 163 206 206
0083_0276_0202_0147_0147.jpg 1 276 202 147 147
0084_0165_0100_0332_0332.jpg 1 165 100 332 332
0085_0195_0334_0145_0145.jpg 1 195 334 145 145
0086_0050_0071_0068_0068.jpg 1 50 71 68 68
0087_0131_0025_0054_0054.jpg 1 131 25 54 54
0088_0075_0029_0115_0115.jpg 1 75 29 115 115
0089_0055_0073_0092_0092.jpg 1 55 73 92 92
0090_0336_0106_0248_0248.jpg 1 336 106 248 248
0091_0073_0202_0234_0234.jpg 1 73 202 234 234
0092_0135_0132_0308_0308.jpg 1 135 132 308 308
0093_0058_0032_0055_0055.jpg 1 58 32 55 55
0094_0236_0085_0283_0283.jpg 1 236 85 283 283
0095_0358_0195_0059_0059.jpg 1 358 195 59 59
0096_0319_0061_0163_0163.jpg 1 319 61 163 163
0097_0202_0047_0062_0062.jpg 1 202 47 62 62
0098_0142_0063_0111_0111.jpg 1 142 63 111 111
0099_0090_0127_0264_0264.jpg 1 90 127 264 264
0100_0081_0056_0051_0051.jpg 1 81 56 51 51
0101_0257_0086_0321_0321.jpg 1 257 86 321 321
0102_0047_0047_0067_0067.jpg 1 47 47 67 67
0103_0030_0051_0150_0150.jpg 1 30 51 150 150
0104_0059_0069_0107_0107.jpg 1 59 69 107 107
0105_0037_0079_0073_0073.jpg 1 37 79 73 73
0106_0165_0190_0235_0235.jpg 1 165 190 235 235
0107_0396_0213_0164_0164.jpg 1 396 213 164 164
0108_0188_0138_0079_0079.jpg 1 188 138 79 79
0109_0033_0072_0139_0139.jpg 1 33 72 139 139
0110_0154_0112_0097_0097.jpg 1 154 112 97 97
0111_0482_0103_0058_0058.jpg 1 482 103 58 58
0112_0119_0040_0145_0145.jpg 1 119 40 145 145
0113_0133_0105_0062_0062.jpg 1 133 105 62 62
0114_0158_0026_0055_0055.jpg 1 158 26 55 55
0115_0337_0058_0212_0212.jpg 1 337 58 212 212
0116_0157_0028_0115_0115.jpg 1 157 28 115 115
0117_0279_0077_0231_0231.jpg 1 279 77 231 231
0118_0129_0081_0184_0184.jpg 1 129 81 184 184
0119_0087_0200_0175_0175.jpg 1 87 200 175 175
0120_0296_0162_0211_0211.jpg 1 296 162 211 211
0121_0405_0065_0185_0185.jpg 1 405 65 185 185
0122_0287_0183_0080_0080.jpg 1 287 183 80 80
0123_0035_0067_0146_0146.jpg 1 35 67 146 146
0124_0063_0117_0233_0233.jpg 1 63 117 233 233
0125_0047_0063_0098_0098.jpg 1 47 63 98 98
0126_0016_0147_0332_0332.jpg 1 16 147 332 332
0127_0107_0240_0152_0152.jpg 1 107 240 152 152
0128_0050_0056_0116_0116.jpg 1 50 56 116 116
0001_0284_0152_0310_0310.jpg 1 284 152 310 310
0002_0252_0183_0057_0057.jpg 1 252 183 57 57
0003_0198_0301_0055_0055.jpg 1 198 301 55 55
0004_0172_0245_0201_0201.jpg 1 172 245 201 201
0005_0254_0319_0120_0120.jpg 1 254 319 120 120
0006_0051_0133_0075_0075.jpg 1 51 133 75 75
0007_0093_0064_0250_0250.jpg 1 93 64 250 250
0008_0213_0150_0059_0059.jpg 1 213 150 59 59
0009_0317_0097_0202_0202.jpg 1 317 97 202 202
0010_0093_0109_0080_0080.jpg 1 93 109 80 80
0011_0035_0030_0061_0061.jpg 1 35 30 61 61
0012_0075_0082_0084_0084.jpg 1 75 82 84 84
0013_0038_0125_0089_0089.jpg 1 38 125 89 89
0014_0049_0052_0128_0128.jpg 1 49 52 128 128
0015_0430_0075_0159_0159.jpg 1 430 75 159 159
0016_0193_0027_0089_0089.jpg 1 193 27 89 89
0017_0163_0317_0109_0109.jpg 1 163 317 109 109
0018_0312_0290_0079_0079.jpg 1 312 290 79 79
0019_0055_0019_0314_0314.jpg 1 55 19 314 314
0020_0093_0123_0140_0140.jpg 1 93 123 140 140
0021_0142_0036_0097_0097.jpg 1 142 36 97 97
0022_0160_0015_0092_0092.jpg 1 160 15 92 92
0023_0330_0257_0136_0136.jpg 1 330 257 136 136
0024_0417_0129_0114_0114.jpg 1 417 129 114 114
0025_0137_0050_0075_0075.jpg 1 137 50 75 75
0026_0080_0039_0139_0139.jpg 1 80 39 139 139
0027_0096_0059_0145_0145.jpg 1 96 59 145 145
0028_0054_0015_0072_0072.jpg 1 54 15 72 72
0029_0126_0086_0052_0052.jpg 1 126 86 52 52
0030_0183_0228_0097_0097.jpg 1 183 228 97 97
0031_0052_0180_0219_0219.jpg 1 52 180 219 219
0032_0191_0049_0159_0159.jpg 1 191 49 159 159
0033_0150_0016_0143_0143.jpg 1 150 16 143 143
0034_0054_0048_0060_0060.jpg 1 54 48 60 60
0035_0117_0108_0230_0230.jpg 1 117 108 230 230
0036_0132_0098_0190_0190.jpg 1 132 98 190 190
0037_0223_0061_0167_0167.jpg 1 223 61 167 167
0038_0090_0127_0262_0262.jpg 1 90 127 262 262
0039_0352_0266_0077_0077.jpg 1 352 266 77 77
0040_0147_0059_0104_0104.jpg 1 147 59 104 104
0041_0182_0062_0052_0052.jpg 1 182 62 52 52
0042_0023_0115_0094_0094.jpg 1 23 115 94 94
0043_0054_0161_0261_0261.jpg 1 54 161 261 261
0044_0086_0055_0286_0286.jpg 1 86 55 286 286
0045_0071_0150_0061_0061.jpg 1 71 150 61 61
0046_0099_0092_0051_0051.jpg 1 99 92 51 51
0047_0322_0143_0216_0216.jpg 1 322 143 216 216
0048_0254_0102_0267_0267.jpg 1 254 102 267 267
0049_0049_0041_0163_0163.jpg 1 49 41 163 163
0050_0247_0373_0064_0064.jpg 1 247 373 64 64
0051_0110_0019_0113_0113.jpg 1 110 19 113 113
0052_0116_0021_0060_0060.jpg 1 116 21 60 60
0053_0257_0177_0094_0094.jpg 1 257 177 94 94
0054_0163_0052_0135_0135.jpg 1 163 52 135 135
0055_0039_0132_0066_0066.jpg 1 39 132 66 66
0056_0043_0104_0059_0059.jpg 1 43 104 59 59
0057_0178_0029_0316_0316.jpg 1 178 29 316 316
0058_0079_0079_0108_0108.jpg 1 79 79 108 108
0059_0118_0008_0159_0159.jpg 1 118 8 159 159
0060_0278_0067_0166_0166.jpg 1 278 67 166 166
0061_0260_0151_0269_0269.jpg 1 260 151 269 269
0062_0115_0063_0135_0135.jpg 1 115 63 135 135
0063_0154_0135_0251_0251.jpg 1 154 135 251 251
0064_0349_0214_0220_0220.jpg 1 349 214 220 220
0065_0111_0049_0111_0111.jpg 1 111 49 111 111
0066_0138_0027_0059_0059.jpg 1 138 27 59 59
0067_0027_0048_0115_0115.jpg 1 27 48 115 115
0068_0284_0104_0270_0270.jpg 1 284 104 270 270
0069_0018_0058_0095_0095.jpg 1 18 58 95 95
0070_0108_0108_0071_0071.jpg 1 108 108 71 71
0071_0060_0109_0056_0056.jpg 1 60 109 56 56
0072_0184_0077_0244_0244.jpg 1 184 77 244 244
0073_0033_0053_0096_0096.jpg 1 33 53 96 96
0074_0133_0155_0260_0260.jpg 1 133 155 260 260
0075_0271_0112_0153_0153.jpg 1 271 112 153 153
0076_0186_0166_0127_0127.jpg 1 186 166 127 127
0077_0080_0136_0308_0308.jpg 1 80 136 308 308
0078_0063_0020_0087_0087.jpg 1 63 20 87 87
0079_0407_0054_0084_0084.jpg 1 407 54 84 84
0080_0117_0492_0069_0069.jpg 1 117 492 69 69
0081_0058_0052_0099_0099.jpg 1 58 52 99 99
0082_0156_0097_0085_0085.jpg 1 156 97 85 85
0083_0289_0138_0315_0315.jpg 1 289 138 315 315
0084_0177_0018_0105_0105.jpg 1 177 18 105 105
0085_0177_0105_0168_0168.jpg 1 177 105 168 168
0086_0057_0074_0309_0309.jpg 1 57 74 309 309
0087_0247_0254_0115_0115.jpg 1 247 254 115 115
0088_0136_0055_0072_0072.jpg 1 136 55 72 72
0089_0009_0075_0104_0104.jpg 1 9 75 104 104
0090_0259_0104_0173_0173.jpg 1 259 104 173 173
0091_0279_0201_0106_0106.jpg 1 279 201 106 106
0092_0371_0075_0131_0131.jpg 1 371 75 131 131
0093_0092_0034_0146_0146.jpg 1 92 34 146 146
0094_0094_0072_0327_0327.jpg 1 94 72 327 327
0095_0205_0084_0060_0060.jpg 1 205 84 60 60
0096_0086_0153_0120_0120.jpg 1 86 153 120 120
0097_0095_0086_0093_0093.jpg 1 95 86 93 93
0098_0306_0225_0179_0179.jpg 1 306 225 179 179
0099_0305_0057_0113_0113.jpg 1 305 57 113 113
0100_0055_0032_0165_0165.jpg 1 55 32 165 165
0101_0326_0164_0193_0193.jpg 1 326 164 193 193
0102_0060_0140_0075_0075.jpg 1 60 140 75 75
0103_0079_0142_0188_0188.jpg 1 79 142 188 188
0104_0042_0076_0316_0316.jpg 1 42 76 316 316
0105_0031_0107_0104_0104.jpg 1 31 107 104 104
0106_0043_0130_0227_0227.jpg 1 43 130 227 227
0107_0220_0186_0094_0094.jpg 1 220 186 94 94
0108_0147_0178_0277_0277.jpg 1 147 178 277 277
0109_0363_0106_0224_0224.jpg 1 363 106 224 224
0110_0220_0143_0153_0153.jpg 1 220 143 153 153
0111_0057_0098_0296_0296.jpg 1 57 98 296 296
0112_0366_0142_0058_0058.jpg 1 366 142 58 58
0113_0248_0054_0219_0219.jpg 1 248 54 219 219
0114_0173_0469_0097_0097.jpg 1 173 469 97 97
0115_0195_0290_0158_0158.jpg 1 195 290 158 158
0116_0108_0085_0123_0123.jpg 1 108 85 123 123
0117_0336_0123_0079_0079.jpg 1 336 123 79 79
0118_0233_0235_0107_0107.jpg 1 233 235 107 107
0119_0290_0215_0193_0193.jpg 1 290 215 193 193
0120_0352_0258_0157_0157.jpg 1 352 258 157 157
0121_0070_0075_0097_0097.jpg 1 70 75 97 97
0122_0034_0167_0323_0323.jpg 1 34 167 323 323
0123_0067_0033_0128_0128.jpg 1 67 33 128 128
0124_0301_0231_0143_0143.jpg 1 301 231 143 143
0125_0273_0080_0135_0135.jpg 1 273 80 135 135
0126_0358_0209_0148_0148.jpg 1 358 209 148 148
0127_0053_0047_0182_0182.jpg 1 53 47 182 182
0128_0084_0031_0081_0081.jpg 1 84 31 81 81
0001_0130_0040_0121_0121.jpg 1 130 40 121 121
0002_0173_0225_0127_0127.jpg 1 173 225 127 127
0003_0179_0059_0258_0258.jpg 1 179 59 258 258
0004_0146_0077_0109_0109.jpg 1 146 77 109 109
0005_0296_0029_0301_0301.jpg 1 296 29 301 301
0006_0045_0043_0111_0111.jpg 1 45 43 111 111
0007_0260_0101_0151_0151.jpg 1 260 101 151 151
0008_0137_0107_0204_0204.jpg 1 137 107 204 204
0009_0310_0137_0126_0126.jpg 1 310 137 126 126
0010_0142_0085_0194_0194.jpg 1 142 85 194 194
0011_0118_0029_0270_0270.jpg 1 118 29 270 270
0012_0364_0220_0199_0199.jpg 1 364 220 199 199
0013_0205_0145_0307_0307.jpg 1 205 145 307 307
0014_0169_0027_0158_0158.jpg 1 169 27 158 158
0015_0135_0163_0202_0202.jpg 1 135 163 202 202
0016_0198_0204_0237_0237.jpg 1 198 204 237 237
0017_0078_0070_0069_0069.jpg 1 78 70 69 69
0018_0066_0016_0146_0146.jpg 1 66 16 146 146
0019_0122_0262_0150_0150.jpg 1 122 262 150 150
0020_0123_0505_0078_0078.jpg 1 123 505 78 78
0021_0232_0058_0308_0308.jpg 1 232 58 308 308
0022_0105_0194_0198_0198.jpg 1 105 194 198 198
0023_0106_0021_0269_0269.jpg 1 106 21 269 269
0024_0298_0145_0229_0229.jpg 1 298 145 229 229
0025_0056_0023_0090_0090.jpg 1 56 23 90 90
0026_0065_0041_0138_0138.jpg 1 65 41 138 138
0027_0029_0049_0100_0100.jpg 1 29 49 100 100
0028_0085_0211_0130_0130.jpg 1 85 211 130 130
0029_0040_0055_0098_0098.jpg 1 40 55 98 98
0030_0322_0180_0250_0250.jpg 1 322 180 250 250
0031_0068_0100_0080_0080.jpg 1 68 100 80 80
0032_0181_0085_0095_0095.jpg 1 181 85 95 95
0033_0130_0048_0152_0152.jpg 1 130 48 152 152
0034_0211_0055_0287_0287.jpg 1 211 55 287 287
0035_0120_0351_0070_0070.jpg 1 120 351 70 70
0036_0127_0064_0238_0238.jpg 1 127 64 238 238
0037_0184_0027_0084_0084.jpg 1 184 27 84 84
0038_0102_0066_0124_0124.jpg 1 102 66 124 124
0039_0033_0018_0075_0075.jpg 1 33 18 75 75
0040_0062_0026_0054_0054.jpg 1 62 26 54 54
0041_0198_0099_0221_0221.jpg 1 198 99 221 221
0042_0195_0104_0329_0329.jpg 1 195 104 329 329
0043_0300_0187_0208_0208.jpg 1 300 187 208 208
0044_0215_0215_0224_0224.jpg 1 215 215 224 224
0045_0081_0120_0058_0058.jpg 1 81 120 58 58
0046_0062_0068_0082_0082.jpg 1 62 68 82 82
0047_0198_0058_0056_0056.jpg 1 198 58 56 56
0048_0114_0145_0306_0306.jpg 1 114 145 306 306
0049_0189_0057_0269_0269.jpg 1 189 57 269 269
0050_0101_0121_0081_0081.jpg 1 101 121 81 81
0051_0172_0187_0254_0254.jpg 1 172 187 254 254
0052_0281_0087_0235_0235.jpg 1 281 87 235 235
0053_0046_0050_0120_0120.jpg 1 46 50 120 120
0054_0217_0318_0077_0077.jpg 1 217 318 77 77
0055_0329_0352_0057_0057.jpg 1 329 352 57 57
0056_0215_0072_0059_0059.jpg 1 215 72 59 59
0057_0183_0092_0068_0068.jpg 1 183 92 68 68
0058_0387_0124_0121_0121.jpg 1 387 124 121 121
0059_0268_0067_0101_0101.jpg 1 268 67 101 101
0060_0123_0112_0106_0106.jpg 1 123 112 106 106
0061_0210_0129_0185_0185.jpg 1 210 129 185 185
0062_0428_0113_0139_0139.jpg 1 428 113 139 139
0063_0021_0102_0070_0070.jpg 1 21 102 70 70
0064_0292_0117_0260_0260.jpg 1 292 117 260 260
0065_0048_0071_0150_0150.jpg 1 48 71 150 150
0066_0180_0352_0121_0121.jpg 1 180 352 121 121
0067_0059_0077_0148_0148.jpg 1 59 77 148 148
0068_0155_0034_0335_0335.jpg 1 155 34 335 335
0069_0047_0100_0209_0209.jpg 1 47 100 209 209
0070_0433_0211_0152_0152.jpg 1 433 211 152 152
0071_0163_0075_0088_0088.jpg 1 163 75 88 88
0072_0117_0169_0218_0218.jpg 1 117 169 218 218
0073_0075_0071_0123_0123.jpg 1 75 71 123 123
0074_0158_0105_0160_0160.jpg 1 158 105 160 160
0075_0087_0078_0267_0267.jpg 1 87 78 267 267
0076_0080_0152_0054_0054.jpg 1 80 152 54 54
0077_0033_0154_0054_0054.jpg 1 33 154 54 54
0078_0032_0128_0053_0053.jpg 1 32 128 53 53
0079_0080_0102_0265_0265.jpg 1 80 102 265 265
0080_0096_0335_0186_0186.jpg 1 96 335 186 186
0081_0143_0156_0283_0283.jpg 1 143 156 283 283
0082_0129_0054_0075_0075.jpg 1 129 54 75 75
0083_0076_0079_0141_0141.jpg 1 76 79 141 141
0084_0228_0098_0101_0101.jpg 1 228 98 101 101
0085_0151_0325_0257_0257.jpg 1 151 325 257 257
0086_0191_0060_0082_0082.jpg 1 191 60 82 82
0087_0108_0019_0310_0310.jpg 1 108 19 310 310
0088_0156_0035_0334_0334.jpg 1 156 35 334 334
0089_0095_0080_0242_0242.jpg 1 95 80 242 242
0090_0308_0123_0127_0127.jpg 1 308 123 127 127
0091_0434_0347_0067_0067.jpg 1 434 347 67 67
0092_0053_0026_0167_0167.jpg 1 53 26 167 167
0093_0108_0097_0061_0061.jpg 1 108 97 61 61
0094_0222_0271_0205_0205.jpg 1 222 271 205 205
0095_0099_0055_0086_0086.jpg 1 99 55 86 86
0096_0075_0128_0290_0290.jpg 1 75 128 290 290
0097_0066_0156_0236_0236.jpg 1 66 156 236 236
0098_0041_0182_0237_0237.jpg 1 41 182 237 237
0099_0214_0089_0230_0230.jpg 1 214 89 230 230
0100_0023_0066_0125_0125.jpg 1 23 66 125 125
0101_0197_0061_0230_0230.jpg 1 197 61 230 230
0102_0178_0069_0059_0059.jpg 1 178 69 59 59
0103_0148_0369_0216_0216.jpg 1 148 369 216 216
0104_0192_0067_0085_0085.jpg 1 192 67 85 85
0105_0167_0031_0099_0099.jpg 1 167 31 99 99
0106_0089_0075_0268_0268.jpg 1 89 75 268 268
0107_0144_0072_0208_0208.jpg 1 144 72 208 208
0108_0047_0066_0114_0114.jpg 1 47 66 114 114
0109_0157_0086_0090_0090.jpg 1 157 86 90 90
0110_0217_0260_0125_0125.jpg 1 217 260 125 125
0111_0150_0020_0098_0098.jpg 1 150 20 98 98
0112_0149_0388_0195_0195.jpg 1 149 388 195 195
0113_0120_0081_0130_0130.jpg 1 120 81 130 130
0114_0055_0071_0141_0141.jpg 1 55 71 141 141
0115_0047_0022_0151_0151.jpg 1 47 22 151 151
0116_0423_0277_0114_0114.jpg 1 423 277 114 114
0117_0340_0166_0155_0155.jpg 1 340 166 155 155
0118_0141_0373_0153_0153.jpg 1 141 373 153 153
0119_0478_0238_0092_0092.jpg 1 478 238 92 92
0120_0225_0098_0145_0145.jpg 1 225 98 145 145
0121_0374_0141_0166_0166.jpg 1 374 141 166 166
0122_0197_0077_0284_0284.jpg 1 197 77 284 284
0123_0027_0108_0078_0078.jpg 1 27 108 78 78
0124_0121_0061_0126_0126.jpg 1 121 61 126 126
0125_0065_0253_0154_0154.jpg 1 65 253 154 154
0126_0117_0094_0163_0163.jpg 1 117 94 163 163
0127_0099_0049_0165_0165.jpg 1 99 49 165 165
0128_0107_0018_0050_0050.jpg 1 107 18 50 50
0001_0092_0062_0070_0070.jpg 1 92 62 70 70
0002_0257_0058_0233_0233.jpg 1 257 58 233 233
0003_0170_0053_0095_0095.jpg 1 170 53 95 95
0004_0024_0085_0125_0125.jpg 1 24 85 125 125
0005_0068_0098_0059_0059.jpg 1 68 98 59 59
0006_0081_0112_0316_0316.jpg 1 81 112 316 316
0007_0192_0052_0324_0324.jpg 1 192 52 324 324
0008_0193_0012_0087_0087.jpg 1 193 12 87 87
0009_0189_0088_0074_0074.jpg 1 189 88 74 74
0010_0019_0032_0058_0058.jpg 1 19 32 58 58
0011_0105_0068_0149_0149.jpg 1 105 68 149 149
0012_0415_0309_0051_0051.jpg 1 415 309 51 51
0013_0249_0207_0196_0196.jpg 1 249 207 196 196
0014_0185_0080_0280_0280.jpg 1 185 80 280 280
0015_0027_0141_0051_0051.jpg 1 27 141 51 51
0016_0350_0178_0086_0086.jpg 1 350 178 86 86
0017_0073_0062_0087_0087.jpg 1 73 62 87 87
0018_0006_0077_0109_0109.jpg 1 6 77 109 109
0019_0165_0018_0124_0124.jpg 1 165 18 124 124
0020_0258_0076_0290_0290.jpg 1 258 76 290 290
0021_0066_0220_0130_0130.jpg 1 66 220 130 130
0022_0242_0159_0085_0085.jpg 1 242 159 85 85
0023_0252_0084_0176_0176.jpg 1 252 84 176 176
0024_0136_0031_0125_0125.jpg 1 136 31 125 125
0025_0175_0211_0192_0192.jpg 1 175 211 192 192
0026_0043_0127_0276_0276.jpg 1 43 127 276 276
0027_0055_0177_0186_0186.jpg 1 55 177 186 186
0028_0049_0053_0129_0129.jpg 1 49 53 129 129
0029_0061_0063_0140_0140.jpg 1 61 63 140 140
0030_0089_0073_0067_0067.jpg 1 89 73 67 67
0031_0220_0106_0070_0070.jpg 1 220 106 70 70
0032_0261_0054_0314_0314.jpg 1 261 54 314 314
0033_0130_0189_0252_0252.jpg 1 130 189 252 252
0034_0178_0073_0060_0060.jpg 1 178 73 60 60
0035_0040_0382_0210_0210.jpg 1 40 382 210 210
0036_0121_0051_0104_0104.jpg 1 121 51 104 104
0037_0094_0131_0334_0334.jpg 1 94 131 334 334
0038_0078_0098_0052_0052.jpg 1 78 98 52 52
0039_0379_0080_0196_0196.jpg 1 379 80 196 196
0040_0271_0105_0181_0181.jpg 1 271 105 181 181
0041_0098_0091_0124_0124.jpg 1 98 91 124 124
0042_0020_0038_0054_0054.jpg 1 20 38 54 54
0043_0418_0161_0102_0102.jpg 1 418 161 102 102
0044_0236_0206_0128_0128.jpg 1 236 206 128 128
0045_0430_0311_0069_0069.jpg 1 430 311 69 69
0046_0254_0229_0175_0175.jpg 1 254 229 175 175
0047_0080_0088_0101_0101.jpg 1 80 88 101 101
0048_0233_0053_0316_0316.jpg 1 233 53 316 316
0049_0241_0141_0168_0168.jpg 1 241 141 168 168
0050_0130_0101_0133_0133.jpg 1 130 101 133 133
0051_0127_0032_0053_0053.jpg 1 127 32 53 53
0052_0383_0203_0206_0206.jpg 1 383 203 206 206
0053_0257_0111_0242_0242.jpg 1 257 111 242 242
0054_0253_0139_0263_0263.jpg 1 253 139 263 263
0055_0455_0051_0112_0112.jpg 1 455 51 112 112
0056_0091_0036_0094_0094.jpg 1 91 36 94 94
0057_0042_0200_0231_0231.jpg 1 42 200 231 231
0058_0083_0104_0109_0109.jpg 1 83 104 109 109
0059_0102_0022_0086_0086.jpg 1 102 22 86 86
0060_0085_0059_0295_0295.jpg 1 85 59 295 295
0061_0257_0095_0309_0309.jpg 1 257 95 309 309
0062_0032_0115_0201_0201.jpg 1 32 115 201 201
0063_0232_0094_0058_0058.jpg 1 232 94 58 58
0064_0091_0109_0093_0093.jpg 1 91 109 93 93
0065_0060_0034_0138_0138.jpg 1 60 34 138 138
0066_0167_0126_0079_0079.jpg 1 167 126 79 79
0067_0086_0061_0137_0137.jpg 1 86 61 137 137
0068_0055_0030_0121_0121.jpg 1 55 30 121 121
0069_0040_0128_0094_0094.jpg 1 40 128 94 94
0070_0067_0149_0264_0264.jpg 1 67 149 264 264
0071_0256_0106_0315_0315.jpg 1 256 106 315 315
0072_0123_0091_0058_0058.jpg 1 123 91 58 58
0073_0117_0037_0069_0069.jpg 1 117 37 69 69
0074_0158_0117_0048_0048.jpg 1 158 117 48 48
0075_0114_0110_0068_0068.jpg 1 114 110 68 68
0076_0013_0107_0097_0097.jpg 1 13 107 97 97
0077_0377_0259_0161_0161.jpg 1 377 259 161 161
0078_0182_0059_0225_0225.jpg 1 182 59 225 225
0079_0066_0063_0049_0049.jpg 1 66 63 49 49
0080_0147_0040_0089_0089.jpg 1 147 40 89 89
0081_0127_0168_0309_0309.jpg 1 127 168 309 309
0082_0076_0024_0166_0166.jpg 1 76 24 166 166
0083_0169_0189_0268_0268.jpg 1 169 189 268 268
0084_0117_0132_0053_0053.jpg 1 117 132 53 53
0085_0206_0068_0074_0074.jpg 1 206 68 74 74
0086_0065_0072_0090_0090.jpg 1 65 72 90 90
0087_0135_0012_0108_0108.jpg 1 135 12 108 108
0088_0151_0363_0055_0055.jpg 1 151 363 55 55
0089_0015_0037_0071_0071.jpg 1 15 37 71 71
0090_0262_0517_0048_0048.jpg 1 262 517 48 48
0091_0078_0141_0071_0071.jpg 1 78 141 71 71
0092_0078_0118_0324_0324.jpg 1 78 118 324 324
0093_0177_0026_0058_0058.jpg 1 177 26 58 58
0094_0163_0099_0281_0281.jpg 1 163 99 281 281
0095_0257_0130_0198_0198.jpg 1 257 130 198 198
0096_0113_0079_0071_0071.jpg 1 113 79 71 71
0097_0051_0141_0052_0052.jpg 1 51 141 52 52
0098_0265_0292_0110_0110.jpg 1 265 292 110 110
0099_0159_0141_0254_0254.jpg 1 159 141 254 254
0100_0162_0296_0139_0139.jpg 1 162 296 139 139
0101_0153_0132_0071_0071.jpg 1 153 132 71 71
0102_0147_0160_0315_0315.jpg 1 147 160 315 315
0103_0084_0066_0132_0132.jpg 1 84 66 132 132
0104_0181_0027_0075_0075.jpg 1 181 27 75 75
0105_0021_0138_0050_0050.jpg 1 21 138 50 50
0106_0226_0075_0310_0310.jpg 1 226 75 310 310
0107_0054_0209_0261_0261.jpg 1 54 209 261 261
0108_0070_0074_0068_0068.jpg 1 70 74 68 68
0109_0137_0108_0240_0240.jpg 1 137 108 240 240
0110_0050_0095_0074_0074.jpg 1 50 95 74 74
0111_0238_0115_0052_0052.jpg 1 238 115 52 52
0112_0104_0041_0321_0321.jpg 1 104 41 321 321
0113_0041_0161_0048_0048.jpg 1 41 161 48 48
0114_0176_0071_0090_0090.jpg 1 176 71 90 90
0115_0082_0045_0305_0305.jpg 1 82 45 305 305
0116_0163_0080_0245_0245.jpg 1 163 80 245 245
0117_0048_0075_0069_0069.jpg 1 48 75 69 69
0118_0151_0120_0282_0282.jpg 1 151 120 282 282
0119_0081_0073_0151_0151.jpg 1 81 73 151 151
0120_0285_0160_0284_0284.jpg 1 285 160 284 284
0121_0093_0070_0281_0281.jpg 1 93 70 281 281
0122_0052_0049_0325_0325.jpg 1 52 49 325 325
0123_0060_0112_0062_0062.jpg 1 60 112 62 62
0124_0056_0079_0049_0049.jpg 1 56 79 49 49
0125_0252_0043_0191_0191.jpg 1 252 43 191 191
0126_0060_0170_0332_0332.jpg 1 60 170 332 332
0127_0202_0089_0249_0249.jpg 1 202 89 249 249
0128_0134_0254_0256_0256.jpg 1 134 254 256 256
0001_0058_0101_0069_0069.jpg 1 58 101 69 69
0002_0084_0253_0110_0110.jpg 1 84 253 110 110
0003_0047_0013_0101_0101.jpg 1 47 13 101 101
0004_0305_0107_0084_0084.jpg 1 305 107 84 84
0005_0263_0086_0254_0254.jpg 1 263 86 254 254
0006_0052_0083_0143_0143.jpg 1 52 83 143 143
0007_0463_0227_0070_0070.jpg 1 463 227 70 70
0008_0148_0060_0138_0138.jpg 1 148 60 138 138
0009_0044_0105_0110_0110.jpg 1 44 105 110 110
0010_0063_0175_0277_0277.jpg 1 63 175 277 277
0011_0138_0080_0235_0235.jpg 1 138 80 235 235
0012_0125_0323_0061_0061.jpg 1 125 323 61 61
0013_0365_0078_0205_0205.jpg 1 365 78 205 205
0014_0027_0063_0167_0167.jpg 1 27 63 167 167
0015_0293_0058_0259_0259.jpg 1 293 58 259 259
0016_0174_0206_0170_0170.jpg 1 174 206 170 170
0017_0066_0161_0218_0218.jpg 1 66 161 218 218
0018_0036_0023_0139_0139.jpg 1 36 23 139 139
0019_0115_0016_0131_0131.jpg 1 115 16 131 131
0020_0163_0043_0078_0078.jpg 1 163 43 78 78
0021_0051_0092_0249_0249.jpg 1 51 92 249 249
0022_0059_0155_0250_0250.jpg 1 59 155 250 250
0023_0289_0052_0188_0188.jpg 1 289 52 188 188
0024_0106_0087_0188_0188.jpg 1 106 87 188 188
0025_0106_0347_0214_0214.jpg 1 106 347 214 214
0026_0051_0083_0100_0100.jpg 1 51 83 100 100
0027_0081_0063_0288_0288.jpg 1 81 63 288 288
0028_0075_0024_0121_0121.jpg 1 75 24 121 121
0029_0059_0138_0206_0206.jpg 1 59 138 206 206
0030_0032_0037_0146_0146.jpg 1 32 37 146 146
0031_0187_0205_0255_0255.jpg 1 187 205 255 255
0032_0143_0023_0109_0109.jpg 1 143 23 109 109
0033_0075_0317_0065_0065.jpg 1 75 317 65 65
0034_0036_0246_0239_0239.jpg 1 36 246 239 239
0035_0059_0444_0072_0072.jpg 1 59 444 72 72
0036_0108_0117_0239_0239.jpg 1 108 117 239 239
0037_0053_0069_0109_0109.jpg 1 53 69 109 109
0038_0027_0011_0140_0140.jpg 1 27 11 140 140
0039_0079_0044_0079_0079.jpg 1 79 44 79 79
0040_0116_0054_0108_0108.jpg 1 116 54 108 108
0041_0050_0328_0069_0069.jpg 1 50 328 69 69
0042_0123_0143_0289_0289.jpg 1 123 143 289 289
0043_0126_0094_0299_0299.jpg 1 126 94 299 299
0044_0245_0015_0333_0333.jpg 1 245 15 333 333
0045_0103_0101_0112_0112.jpg 1 103 101 112 112
0046_0270_0061_0195_0195.jpg 1 270 61 195 195
0047_0188_0027_0053_0053.jpg 1 188 27 53 53
0048_0138_0092_0062_0062.jpg 1 138 92 62 62
0049_0068_0007_0138_0138.jpg 1 68 7 138 138
0050_0252_0117_0202_0202.jpg 1 252 117 202 202
0051_0104_0125_0127_0127.jpg 1 104 125 127 127
0052_0217_0295_0125_0125.jpg 1 217 295 125 125
0053_0078_0055_0151_0151.jpg 1 78 55 151 151
0054_0320_0077_0168_0168.jpg 1 320 77 168 168
0055_0038_0034_0095_0095.jpg 1 38 34 95 95
0056_0075_0030_0074_0074.jpg 1 75 30 74 74
0057_0092_0145_0241_0241.jpg 1 92 145 241 241
0058_0191_0086_0083_0083.jpg 1 191 86 83 83
0059_0281_0043_0148_0148.jpg 1 281 43 148 148
0060_0197_0223_0196_0196.jpg 1 197 223 196 196
0061_0335_0179_0223_0223.jpg 1 335 179 223 223
0062_0166_0146_0275_0275.jpg 1 166 146 275 275
0063_0050_0073_0129_0129.jpg 1 50 73 129 129
0064_0054_0087_0080_0080.jpg 1 54 87 80 80
0065_0177_0137_0263_0263.jpg 1 177 137 263 263
0066_0087_0095_0267_0267.jpg 1 87 95 267 267
0067_0159_0046_0124_0124.jpg 1 159 46 124 124
0068_0060_0042_0141_0141.jpg 1 60 42 141 141
0069_0076_0127_0064_0064.jpg 1 76 127 64 64
0070_0193_0031_0222_0222.jpg 1 193 31 222 222
0071_0105_0093_0121_0121.jpg 1 105 93 121 121
0072_0048_0099_0129_0129.jpg 1 48 99 129 129
0073_0065_0261_0111_0111.jpg 1 65 261 111 111
0074_0051_0043_0128_0128.jpg 1 51 43 128 128
0075_0102_0053_0139_0139.jpg 1 102 53 139 139
0076_0443_0266_0136_0136.jpg 1 443 266 136 136
0077_0075_0067_0112_0112.jpg 1 75 67 112 112
0078_0068_0046_0133_0133.jpg 1 68 46 133 133
0079_0102_0071_0207_0207.jpg 1 102 71 207 207
0080_0144_0040_0136_0136.jpg 1 144 40 136 136
0081_0135_0025_0130_0130.jpg 1 135 25 130 130
0082_0059_0037_0138_0138.jpg 1 59 37 138 138
0083_0376_0151_0129_0129.jpg 1 376 151 129 129
0084_0007_0062_0086_0086.jpg 1 7 62 86 86
0085_0065_0104_0304_0304.jpg 1 65 104 304 304
0086_0241_0067_0311_0311.jpg 1 241 67 311 311
0087_0125_0310_0238_0238.jpg 1 125 310 238 238
0088_0011_0097_0061_0061.jpg 1 11 97 61 61
0089_0159_0067_0166_0166.jpg 1 159 67 166 166
0090_0423_0314_0081_0081.jpg 1 423 314 81 81
0091_0053_0099_0101_0101.jpg 1 53 99 101 101
0092_0147_0031_0075_0075.jpg 1 147 31 75 75
0093_0081_0053_0234_0234.jpg 1 81 53 234 234
0094_0178_0439_0081_0081.jpg 1 178 439 81 81
0095_0045_0058_0094_0094.jpg 1 45 58 94 94
0096_0168_0074_0322_0322.jpg 1 168 74 322 322
0097_0082_0076_0147_0147.jpg 1 82 76 147 147
0098_0208_0058_0065_0065.jpg 1 208 58 65 65
0099_0318_0070_0109_0109.jpg 1 318 70 109 109
0100_0053_0113_0231_0231.jpg 1 53 113 231 231
0101_0309_0235_0142_0142.jpg 1 309 235 142 142
0102_0146_0048_0139_0139.jpg 1 146 48 139 139
0103_0137_0245_0319_0319.jpg 1 137 245 319 319
0104_0254_0106_0302_0302.jpg 1 254 106 302 302
0105_0049_0059_0089_0089.jpg 1 49 59 89 89
0106_0077_0026_0131_0131.jpg 1 77 26 131 131
0107_0144_0442_0088_0088.jpg 1 144 442 88 88
0108_0407_0032_0170_0170.jpg 1 407 32 170 170
0109_0048_0030_0158_0158.jpg 1 48 30 158 158
0110_0323_0224_0092_0092.jpg 1 323 224 92 92
0111_0238_0278_0153_0153.jpg 1 238 278 153 153
0112_0462_0081_0075_0075.jpg 1 462 81 75 75
0113_0036_0107_0077_0077.jpg 1 36 107 77 77
0114_0134_0158_0053_0053.jpg 1 134 158 53 53
0115_0092_0058_0274_0274.jpg 1 92 58 274 274
0116_0064_0033_0136_0136.jpg 1 64 33 136 136
0117_0320_0116_0222_0222.jpg 1 320 116 222 222
0118_0170_0107_0157_0157.jpg 1 170 107 157 157
0119_0118_0072_0146_0146.jpg 1 118 72 146 146
0120_0280_0045_0229_0229.jpg 1 280 45 229 229
0121_0225_0058_0120_0120.jpg 1 225 58 120 120
0122_0130_0159_0206_0206.jpg 1 130 159 206 206
0123_0079_0147_0236_0236.jpg 1 79 147 236 236
0124_0141_0059_0330_0330.jpg 1 141 59 330 330
0125_0063_0136_0066_0066.jpg 1 63 136 66 66
0126_0254_0320_0110_0110.jpg 1 254 320 110 110
0127_0111_0121_0090_0090.jpg 1 111 121 90 90
0128_0080_0117_0299_0299.jpg 1 80 117 299 299
0001_0114_0021_0123_0123.jpg 1 114 21 123 123
0002_0432_0075_0146_0146.jpg 1 432 75 146 146
0003_0129_0024_0312_0312.jpg 1 129 24 312 312
0004_0116_0018_0090_0090.jpg 1 116 18 90 90
0005_0170_0115_0269_0269.jpg 1 170 115 269 269
0006_0225_0058_0303_0303.jpg 1 225 58 303 303
0007_0256_0385_0104_0104.jpg 1 256 385 104 104
0008_0079_0110_0268_0268.jpg 1 79 110 268 268
0009_0137_0022_0269_0269.jpg 1 137 22 269 269
0010_0030_0016_0112_0112.jpg 1 30 16 112 112
0011_0213_0139_0066_0066.jpg 1 213 139 66 66
0012_0034_0032_0120_0120.jpg 1 34 32 120 120
0013_0306_0079_0279_0279.jpg 1 306 79 279 279
0014_0009_0119_0094_0094.jpg 1 9 119 94 94
0015_0077_0057_0133_0133.jpg 1 77 57 133 133
0016_0286_0074_0254_0254.jpg 1 286 74 254 254
0017_0154_0173_0172_0172.jpg 1 154 173 172 172
0018_0192_0144_0302_0302.jpg 1 192 144 302 302
0019_0066_0082_0066_0066.jpg 1 66 82 66 66
0020_0046_0061_0074_0074.jpg 1 46 61 74 74
0021_0045_0071_0065_0065.jpg 1 45 71 65 65
0022_0164_0264_0123_0123.jpg 1 164 264 123 123
0023_0032_0019_0112_0112.jpg 1 32 19 112 112
0024_0060_0126_0087_0087.jpg 1 60 126 87 87
0025_0198_0015_0090_0090.jpg 1 198 15 90 90
0026_0124_0183_0273_0273.jpg 1 124 183 273 273
0027_0073_0112_0077_0077.jpg 1 73 112 77 77
0028_0177_0050_0104_0104.jpg 1 177 50 104 104
0029_0121_0051_0073_0073.jpg 1 121 51 73 73
0030_0473_0318_0089_0089.jpg 1 473 318 89 89
0031_0251_0276_0053_0053.jpg 1 251 276 53 53
0032_0190_0204_0087_0087.jpg 1 190 204 87 87
0033_0061_0078_0067_0067.jpg 1 61 78 67 67
0034_0334_0270_0113_0113.jpg 1 334 270 113 113
0035_0041_0084_0090_0090.jpg 1 41 84 90 90
0036_0087_0061_0089_0089.jpg 1 87 61 89 89
0037_0087_0062_0334_0334.jpg 1 87 62 334 334
0038_0082_0019_0139_0139.jpg 1 82 19 139 139
0039_0013_0078_0150_0150.jpg 1 13 78 150 150
0040_0054_0097_0058_0058.jpg 1 54 97 58 58
0041_0050_0270_0232_0232.jpg 1 50 270 232 232
0042_0141_0093_0078_0078.jpg 1 141 93 78 78
0043_0059_0090_0052_0052.jpg 1 59 90 52 52
0044_0241_0061_0222_0222.jpg 1 241 61 222 222
0045_0066_0094_0106_0106.jpg 1 66 94 106 106
0046_0145_0050_0108_0108.jpg 1 145 50 108 108
0047_0367_0222_0155_0155.jpg 1 367 222 155 155
0048_0122_0030_0082_0082.jpg 1 122 30 82 82
0049_0051_0096_0083_0083.jpg 1 51 96 83 83
0050_0397_0300_0103_0103.jpg 1 397 300 103 103
0051_0074_0061_0121_0121.jpg 1 74 61 121 121
0052_0036_0071_0091_0091.jpg 1 36 71 91 91
0053_0241_0207_0157_0157.jpg 1 241 207 157 157
0054_0068_0031_0097_0097.jpg 1 68 31 97 97
0055_0061_0036_0112_0112.jpg 1 61 36 112 112
0056_0088_0207_0160_0160.jpg 1 88 207 160 160
0057_0301_0208_0174_0174.jpg 1 301 208 174 174
0058_0059_0042_0148_0148.jpg 1 59 42 148 148
0059_0052_0118_0093_0093.jpg 1 52 118 93 93
0060_0135_0102_0121_0121.jpg 1 135 102 121 121
0061_0072_0040_0125_0125.jpg 1 72 40 125 125
0062_0164_0118_0316_0316.jpg 1 164 118 316 316
0063_0054_0084_0050_0050.jpg 1 54 84 50 50
0064_0133_0225_0295_0295.jpg 1 133 225 295 295
0065_0033_0042_0100_0100.jpg 1 33 42 100 100
0066_0106_0060_0226_0226.jpg 1 106 60 226 226
0067_0167_0032_0096_0096.jpg 1 167 32 96 96
0068_0242_0049_0303_0303.jpg 1 242 49 303 303
0069_0140_0143_0062_0062.jpg 1 140 143 62 62
0070_0047_0067_0125_0125.jpg 1 47 67 125 125
0071_0117_0136_0273_0273.jpg 1 117 136 273 273
0072_0098_0043_0084_0084.jpg 1 98 43 84 84
0073_0094_0036_0296_0296.jpg 1 94 36 296 296
0074_0203_0303_0129_0129.jpg 1 203 303 129 129
0075_0199_0168_0223_0223.jpg 1 199 168 223 223
0076_0222_0092_0311_0311.jpg 1 222 92 311 311
0077_0127_0038_0132_0132.jpg 1 127 38 132 132
0078_0069_0073_0153_0153.jpg 1 69 73 153 153
0079_0420_0328_0098_0098.jpg 1 420 328 98 98
0080_0189_0119_0242_0242.jpg 1 189 119 242 242
0081_0107_0148_0297_0297.jpg 1 107 148 297 297
0082_0187_0056_0103_0103.jpg 1 187 56 103 103
0083_0066_0076_0076_0076.jpg 1 66 76 76 76
0084_0124_0111_0322_0322.jpg 1 124 111 322 322
0085_0014_0074_0144_0144.jpg 1 14 74 144 144
0086_0088_0039_0322_0322.jpg 1 88 39 322 322
0087_0062_0059_0111_0111.jpg 1 62 59 111 111
0088_0378_0171_0212_0212.jpg 1 378 171 212 212
0089_0409_0047_0166_0166.jpg 1 409 47 166 166
0090_0375_0200_0195_0195.jpg 1 375 200 195 195
0091_0177_0088_0188_0188.jpg 1 177 88 188 188
0092_0100_0342_0087_0087.jpg 1 100 342 87 87
0093_0091_0075_0048_0048.jpg 1 91 75 48 48
0094_0082_0137_0278_0278.jpg 1 82 137 278 278
0095_0052_0091_0098_0098.jpg 1 52 91 98 98
0096_0182_0218_0162_0162.jpg 1 182 218 162 162
0097_0084_0095_0098_0098.jpg 1 84 95 98 98
0098_0062_0022_0136_0136.jpg 1 62 22 136 136
0099_0102_0019_0125_0125.jpg 1 102 19 125 125
0100_0061_0151_0132_0132.jpg 1 61 151 132 132
0101_0038_0184_0269_0269.jpg 1 38 184 269 269
0102_0148_0045_0151_0151.jpg 1 148 45 151 151
0103_0018_0089_0119_0119.jpg 1 18 89 119 119
0104_0334_0031_0236_0236.jpg 1 334 31 236 236
0105_0374_0202_0089_0089.jpg 1 374 202 89 89
0106_0109_0152_0060_0060.jpg 1 109 152 60 60
0107_0061_0071_0106_0106.jpg 1 61 71 106 106
0108_0090_0064_0092_0092.jpg 1 90 64 92 92
0109_0029_0038_0090_0090.jpg 1 29 38 90 90
0110_0372_0083_0160_0160.jpg 1 372 83 160 160
0111_0106_0115_0109_0109.jpg 1 106 115 109 109
0112_0028_0018_0118_0118.jpg 1 28 18 118 118
0113_0068_0062_0179_0179.jpg 1 68 62 179 179
0114_0326_0171_0181_0181.jpg 1 326 171 181 181
0115_0214_0134_0056_0056.jpg 1 214 134 56 56
0116_0231_0117_0059_0059.jpg 1 231 117 59 59
0117_0305_0132_0287_0287.jpg 1 305 132 287 287
0118_0095_0025_0135_0135.jpg 1 95 25 135 135
0119_0063_0044_0157_0157.jpg 1 63 44 157 157
0120_0263_0201_0227_0227.jpg 1 263 201 227 227
0121_0135_0323_0105_0105.jpg 1 135 323 105 105
0122_0174_0087_0083_0083.jpg 1 174 87 83 83
0123_0273_0199_0215_0215.jpg 1 273 199 215 215
0124_0464_0102_0065_0065.jpg 1 464 102 65 65
0125_0294_0124_0249_0249.jpg 1 294 124 249 249
0126_0117_0087_0085_0085.jpg 1 117 87 85 85
0127_0129_0060_0233_0233.jpg 1 129 60 233 233
0128_0241_0153_0250_0250.jpg 1 241 153 250 250
0001_0054_0061_0063_0063.jpg 1 54 61 63 63
0002_0068_0106_0096_0096.jpg 1 68 106 96 96
0003_0180_0207_0249_0249.jpg 1 180 207 249 249
0004_0015_0052_0125_0125.jpg 1 15 52 125 125
0005_0145_0064_0158_0158.jpg 1 145 64 158 158
0006_0149_0046_0318_0318.jpg 1 149 46 318 318
0007_0356_0062_0117_0117.jpg 1 356 62 117 117
0008_0223_0187_0080_0080.jpg 1 223 187 80 80
0009_0189_0125_0331_0331.jpg 1 189 125 331 331
0010_0192_0054_0102_0102.jpg 1 192 54 102 102
0011_0181_0112_0317_0317.jpg 1 181 112 317 317
0012_0047_0049_0078_0078.jpg 1 47 49 78 78
0013_0136_0113_0076_0076.jpg 1 136 113 76 76
0014_0205_0423_0070_0070.jpg 1 205 423 70 70
0015_0054_0062_0233_0233.jpg 1 54 62 233 233
0016_0084_0055_0148_0148.jpg 1 84 55 148 148
0017_0270_0053_0254_0254.jpg 1 270 53 254 254
0018_0093_0038_0064_0064.jpg 1 93 38 64 64
0019_0015_0070_0093_0093.jpg 1 15 70 93 93
0020_0093_0047_0110_0110.jpg 1 93 47 110 110
0021_0135_0049_0111_0111.jpg 1 135 49 111 111
0022_0039_0030_0109_0109.jpg 1 39 30 109 109
0023_0086_0107_0323_0323.jpg 1 86 107 323 323
0024_0128_0068_0100_0100.jpg 1 128 68 100 100
0025_0222_0113_0187_0187.jpg 1 222 113 187 187
0026_0422_0183_0145_0145.jpg 1 422 183 145 145
0027_0070_0156_0289_0289.jpg 1 70 156 289 289
0028_0076_0016_0149_0149.jpg 1 76 16 149 149
0029_0093_0035_0146_0146.jpg 1 93 35 146 146
0030_0266_0119_0107_0107.jpg 1 266 119 107 107
0031_0350_0158_0096_0096.jpg 1 350 158 96 96
0032_0340_0172_0220_0220.jpg 1 340 172 220 220
0033_0107_0074_0297_0297.jpg 1 107 74 297 297
0034_0385_0198_0173_0173.jpg 1 385 198 173 173
0035_0133_0073_0060_0060.jpg 1 133 73 60 60
0036_0117_0021_0098_0098.jpg 1 117 21 98 98
0037_0409_0092_0150_0150.jpg 1 409 92 150 150
0038_0297_0177_0224_0224.jpg 1 297 177 224 224
0039_0096_0130_0212_0212.jpg 1 96 130 212 212
0040_0055_0055_0267_0267.jpg 1 55 55 267 267
0041_0096_0043_0074_0074.jpg 1 96 43 74 74
0042_0025_0095_0073_0073.jpg 1 25 95 73 73
0043_0281_0158_0107_0107.jpg 1 281 158 107 107
0044_0071_0008_0164_0164.jpg 1 71 8 164 164
0045_0083_0057_0111_0111.jpg 1 83 57 111 111
0046_0052_0138_0146_0146.jpg 1 52 138 146 146
0047_0032_0041_0090_0090.jpg 1 32 41 90 90
0048_0099_0055_0065_0065.jpg 1 99 55 65 65
0049_0149_0056_0318_0318.jpg 1 149 56 318 318
0050_0061_0063_0103_0103.jpg 1 61 63 103 103
0051_0195_0050_0103_0103.jpg 1 195 50 103 103
0052_0306_0118_0273_0273.jpg 1 306 118 273 273
0053_0452_0211_0089_0089.jpg 1 452 211 89 89
0054_0049_0123_0072_0072.jpg 1 49 123 72 72
0055_0197_0434_0090_0090.jpg 1 197 434 90 90
0056_0124_0151_0194_0194.jpg 1 124 151 194 194
0057_0107_0032_0132_0132.jpg 1 107 32 132 132
0058_0059_0101_0085_0085.jpg 1 59 101 85 85
0059_0102_0096_0093_0093.jpg 1 102 96 93 93
0060_0226_0060_0171_0171.jpg 1 226 60 171 171
0061_0093_0076_0199_0199.jpg 1 93 76 199 199
0062_0150_0074_0279_0279.jpg 1 150 74 279 279
0063_0348_0209_0246_0246.jpg 1 348 209 246 246
0064_0057_0067_0150_0150.jpg 1 57 67 150 150
0065_0133_0064_0111_0111.jpg 1 133 64 111 111
0066_0045_0124_0184_0184.jpg 1 45 124 184 184
0067_0034_0084_0127_0127.jpg 1 34 84 127 127
0068_0073_0022_0070_0070.jpg 1 73 22 70 70
0069_0092_0046_0072_0072.jpg 1 92 46 72 72
0070_0357_0089_0135_0135.jpg 1 357 89 135 135
0071_0150_0044_0099_0099.jpg 1 150 44 99 99
0072_0027_0030_0080_0080.jpg 1 27 30 80 80
0073_0034_0067_0111_0111.jpg 1 34 67 111 111
0074_0053_0014_0139_0139.jpg 1 53 14 139 139
0075_0108_0082_0116_0116.jpg 1 108 82 116 116
0076_0135_0402_0107_0107.jpg 1 135 402 107 107
0077_0066_0036_0064_0064.jpg 1 66 36 64 64
0078_0045_0148_0048_0048.jpg 1 45 148 48 48
0079_0218_0168_0095_0095.jpg 1 218 168 95 95
0080_0129_0106_0164_0164.jpg 1 129 106 164 164
0081_0056_0034_0111_0111.jpg 1 56 34 111 111
0082_0019_0114_0100_0100.jpg 1 19 114 100 100
0083_0108_0101_0200_0200.jpg 1 108 101 200 200
0084_0194_0303_0219_0219.jpg 1 194 303 219 219
0085_0048_0070_0071_0071.jpg 1 48 70 71 71
0086_0016_0057_0159_0159.jpg 1 16 57 159 159
0087_0072_0137_0073_0073.jpg 1 72 137 73 73
0088_0471_0099_0058_0058.jpg 1 471 99 58 58
0089_0282_0156_0159_0159.jpg 1 282 156 159 159
0090_0133_0024_0100_0100.jpg 1 133 24 100 100
0091_0192_0042_0265_0265.jpg 1 192 42 265 265
0092_0350_0079_0114_0114.jpg 1 350 79 114 114
0093_0191_0109_0285_0285.jpg 1 191 109 285 285
0094_0233_0137_0112_0112.jpg 1 233 137 112 112
0095_0051_0070_0082_0082.jpg 1 51 70 82 82
0096_0297_0189_0142_0142.jpg 1 297 189 142 142
0097_0390_0107_0135_0135.jpg 1 390 107 135 135
0098_0048_0151_0307_0307.jpg 1 48 151 307 307
0099_0122_0050_0123_0123.jpg 1 122 50 123 123
0100_0293_0073_0077_0077.jpg 1 293 73 77 77
0101_0298_0025_0251_0251.jpg 1 298 25 251 251
0102_0114_0024_0139_0139.jpg 1 114 24 139 139
0103_0320_0074_0159_0159.jpg 1 320 74 159 159
0104_0061_0075_0147_0147.jpg 1 61 75 147 147
0105_0121_0128_0252_0252.jpg 1 121 128 252 252
0106_0361_0072_0084_0084.jpg 1 361 72 84 84
0107_0064_0203_0080_0080.jpg 1 64 203 80 80
0108_0393_0199_0052_0052.jpg 1 393 199 52 52
0109_0210_0086_0059_0059.jpg 1 210 86 59 59
0110_0105_0086_0320_0320.jpg 1 105 86 320 320
0111_0146_0087_0109_0109.jpg 1 146 87 109 109
0112_0143_0084_0049_0049.jpg 1 143 84 49 49
0113_0502_0329_0071_0071.jpg 1 502 329 71 71
0114_0049_0094_0130_0130.jpg 1 49 94 130 130
0115_0422_0131_0075_0075.jpg 1 422 131 75 75
0116_0248_0205_0234_0234.jpg 1 248 205 234 234
0117_0232_0302_0129_0129.jpg 1 232 302 129 129
0118_0028_0056_0089_0089.jpg 1 28 56 89 89
0119_0038_0046_0101_0101.jpg 1 38 46 101 101
0120_0278_0037_0305_0305.jpg 1 278 37 305 305
0121_0104_0126_0265_0265.jpg 1 104 126 265 265
0122_0169_0042_0051_0051.jpg 1 169 42 51 51
0123_0060_0103_0051_0051.jpg 1 60 103 51 51
0124_0130_0035_0105_0105.jpg 1 130 35 105 105
0125_0155_0017_0135_0135.jpg 1 155 17 135 135
0126_0130_0131_0107_0107.jpg 1 130 131 107 107
0127_0091_0022_0132_0132.jpg 1 91 22 132 132
0128_0049_0090_0120_0120.jpg 1 49 90 120 120
0001_0153_0071_0143_0143.jpg 1 153 71 143 143
0002_0014_0109_0100_0100.jpg 1 14 109 100 100
0003_0107_0068_0328_0328.jpg 1 107 68 328 328
0004_0065_0175_0199_0199.jpg 1 65 175 199 199
0005_0419_0194_0164_0164.jpg 1 419 194 164 164
0006_0110_0116_0071_0071.jpg 1 110 116 71 71
0007_0190_0138_0119_0119.jpg 1 190 138 119 119
0008_0173_0033_0299_0299.jpg 1 173 33 299 299
0009_0105_0215_0231_0231.jpg 1 105 215 231 231
0010_0352_0219_0147_0147.jpg 1 352 219 147 147
0011_0208_0123_0255_0255.jpg 1 208 123 255 255
0012_0030_0044_0129_0129.jpg 1 30 44 129 129
0013_0177_0216_0227_0227.jpg 1 177 216 227 227
0014_0035_0334_0250_0250.jpg 1 35 334 250 250
0015_0025_0110_0099_0099.jpg 1 25 110 99 99
0016_0059_0101_0220_0220.jpg 1 59 101 220 220
0017_0062_0201_0088_0088.jpg 1 62 201 88 88
0018_0042_0190_0296_0296.jpg 1 42 190 296 296
0019_0153_0028_0238_0238.jpg 1 153 28 238 238
0020_0047_0152_0302_0302.jpg 1 47 152 302 302
0021_0160_0046_0234_0234.jpg 1 160 46 234 234
0022_0022_0031_0143_0143.jpg 1 22 31 143 143
0023_0348_0265_0179_0179.jpg 1 348 265 179 179
0024_0277_0107_0330_0330.jpg 1 277 107 330 330
0025_0020_0040_0150_0150.jpg 1 20 40 150 150
0026_0063_0152_0110_0110.jpg 1 63 152 110 110
0027_0232_0126_0171_0171.jpg 1 232 126 171 171
0028_0060_0041_0140_0140.jpg 1 60 41 140 140
0029_0240_0486_0089_0089.jpg 1 240 486 89 89
0030_0041_0043_0132_0132.jpg 1 41 43 132 132
0031_0037_0149_0048_0048.jpg 1 37 149 48 48
0032_0103_0050_0105_0105.jpg 1 103 50 105 105
0033_0097_0258_0284_0284.jpg 1 97 258 284 284
0034_0249_0055_0282_0282.jpg 1 249 55 282 282
0035_0313_0152_0158_0158.jpg 1 313 152 158 158
0036_0064_0090_0103_0103.jpg 1 64 90 103 103
0037_0034_0063_0068_0068.jpg 1 34 63 68 68
0038_0388_0104_0138_0138.jpg 1 388 104 138 138
0039_0220_0139_0168_0168.jpg 1 220 139 168 168
0040_0067_0168_0267_0267.jpg 1 67 168 267 267
0041_0074_0145_0193_0193.jpg 1 74 145 193 193
0042_0056_0079_0149_0149.jpg 1 56 79 149 149
0043_0052_0057_0115_0115.jpg 1 52 57 115 115
0044_0056_0040_0114_0114.jpg 1 56 40 114 114
0045_0063_0103_0105_0105.jpg 1 63 103 105 105
0046_0233_0115_0158_0158.jpg 1 233 115 158 158
0047_0087_0082_0301_0301.jpg 1 87 82 301 301
0048_0046_0024_0051_0051.jpg 1 46 24 51 51
0049_0015_0059_0129_0129.jpg 1 15 59 129 129
0050_0099_0230_0185_0185.jpg 1 99 230 185 185
0051_0026_0103_0065_0065.jpg 1 26 103 65 65
0052_0029_0044_0127_0127.jpg 1 29 44 127 127
0053_0483_0171_0064_0064.jpg 1 483 171 64 64
0054_0284_0023_0253_0253.jpg 1 284 23 253 253
0055_0244_0075_0227_0227.jpg 1 244 75 227 227
0056_0065_0051_0102_0102.jpg 1 65 51 102 102
0057_0105_0244_0295_0295.jpg 1 105 244 295 295
0058_0370_0205_0123_0123.jpg 1 370 205 123 123
0059_0066_0085_0076_0076.jpg 1 66 85 76 76
0060_0064_0109_0078_0078.jpg 1 64 109 78 78
0061_0250_0096_0311_0311.jpg 1 250 96 311 311
0062_0063_0065_0142_0142.jpg 1 63 65 142 142
0063_0161_0056_0240_0240.jpg 1 161 56 240 240
0064_0010_0089_0065_0065.jpg 1 10 89 65 65
0065_0094_0103_0096_0096.jpg 1 94 103 96 96
0066_0221_0078_0101_0101.jpg 1 221 78 101 101
0067_0121_0041_0142_0142.jpg 1 121 41 142 142
0068_0058_0090_0080_0080.jpg 1 58 90 80 80
0069_0112_0324_0092_0092.jpg 1 112 324 92 92
0070_0307_0205_0112_0112.jpg 1 307 205 112 112
0071_0046_0081_0099_0099.jpg 1 46 81 99 99
0072_0069_0018_0090_0090.jpg 1 69 18 90 90
0073_0016_0042_0165_0165.jpg 1 16 42 165 165
0074_0071_0141_0065_0065.jpg 1 71 141 65 65
0075_0089_0050_0291_0291.jpg 1 89 50 291 291
0076_0128_0056_0128_0128.jpg 1 128 56 128 128
0077_0190_0022_0082_0082.jpg 1 190 22 82 82
0078_0240_0059_0056_0056.jpg 1 240 59 56 56
0079_0042_0062_0115_0115.jpg 1 42 62 115 115
0080_0157_0102_0238_0238.jpg 1 157 102 238 238
0081_0063_0042_0064_0064.jpg 1 63 42 64 64
0082_0120_0090_0206_0206.jpg 1 120 90 206 206
0083_0200_0030_0082_0082.jpg 1 200 30 82 82
0084_0055_0037_0113_0113.jpg 1 55 37 113 113
0085_0047_0046_0136_0136.jpg 1 47 46 136 136
0086_0347_0085_0125_0125.jpg 1 347 85 125 125
0087_0127_0076_0130_0130.jpg 1 127 76 130 130
0088_0076_0019_0135_0135.jpg 1 76 19 135 135
0089_0315_0122_0220_0220.jpg 1 315 122 220 220
0090_0046_0014_0114_0114.jpg 1 46 14 114 114
0091_0194_0154_0236_0236.jpg 1 194 154 236 236
0092_0132_0045_0077_0077.jpg 1 132 45 77 77
0093_0286_0240_0192_0192.jpg 1 286 240 192 192
0094_0125_0076_0137_0137.jpg 1 125 76 137 137
0095_0226_0103_0050_0050.jpg 1 226 103 50 50
0096_0252_0038_0327_0327.jpg 1 252 38 327 327
0097_0121_0074_0118_0118.jpg 1 121 74 118 118
0098_0282_0312_0057_0057.jpg 1 282 312 57 57
0099_0039_0042_0112_0112.jpg 1 39 42 112 112
0100_0078_0119_0066_0066.jpg 1 78 119 66 66
0101_0232_0079_0207_0207.jpg 1 232 79 207 207
0102_0173_0054_0167_0167.jpg 1 173 54 167 167
0103_0029_0045_0071_0071.jpg 1 29 45 71 71
0104_0048_0019_0151_0151.jpg 1 48 19 151 151
0105_0177_0098_0096_0096.jpg 1 177 98 96 96
0106_0356_0071_0049_0049.jpg 1 356 71 49 49
0107_0321_0139_0269_0269.jpg 1 321 139 269 269
0108_0194_0020_0095_0095.jpg 1 194 20 95 95
0109_0067_0252_0053_0053.jpg 1 67 252 53 53
0110_0144_0030_0111_0111.jpg 1 144 30 111 111
0111_0165_0078_0230_0230.jpg 1 165 78 230 230
0112_0281_0092_0214_0214.jpg 1 281 92 214 214
0113_0032_0118_0070_0070.jpg 1 32 118 70 70
0114_0275_0168_0282_0282.jpg 1 275 168 282 282
0115_0135_0384_0054_0054.jpg 1 135 384 54 54
0116_0210_0124_0307_0307.jpg 1 210 124 307 307
0117_0160_0098_0058_0058.jpg 1 160 98 58 58
0118_0162_0048_0294_0294.jpg 1 162 48 294 294
0119_0032_0161_0056_0056.jpg 1 32 161 56 56
0120_0049_0109_0052_0052.jpg 1 49 109 52 52
0121_0309_0039_0264_0264.jpg 1 309 39 264 264
0122_0448_0065_0094_0094.jpg 1 448 65 94 94
0123_0054_0062_0166_0166.jpg 1 54 62 166 166
0124_0160_0029_0086_0086.jpg 1 160 29 86 86
0125_0050_0075_0269_0269.jpg 1 50 75 269 269
0126_0027_0038_0050_0050.jpg 1 27 38 50 50
0127_0126_0028_0088_0088.jpg 1 126 28 88 88
0128_0043_0113_0222_0222.jpg 1 43 113 222 222
0001_0054_0014_0125_0125.jpg 1 54 14 125 125
0002_0037_0051_0128_0128.jpg 1 37 51 128 128
0003_0293_0123_0269_0269.jpg 1 293 123 269 269
0004_0048_0060_0159_0159.jpg 1 48 60 159 159
0005_0236_0027_0228_0228.jpg 1 236 27 228 228
0006_0124_0286_0314_0314.jpg 1 124 286 314 314
0007_0052_0136_0055_0055.jpg 1 52 136 55 55
0008_0073_0042_0142_0142.jpg 1 73 42 142 142
0009_0155_0022_0297_0297.jpg 1 155 22 297 297
0010_0381_0234_0050_0050.jpg 1 381 234 50 50
0011_0214_0030_0332_0332.jpg 1 214 30 332 332
0012_0094_0099_0077_0077.jpg 1 94 99 77 77
0013_0238_0105_0264_0264.jpg 1 238 105 264 264
0014_0049_0052_0189_0189.jpg 1 49 52 189 189
0015_0331_0258_0160_0160.jpg 1 331 258 160 160
0016_0090_0017_0126_0126.jpg 1 90 17 126 126
0017_0035_0010_0124_0124.jpg 1 35 10 124 124
0018_0188_0104_0051_0051.jpg 1 188 104 51 51
0019_0044_0075_0185_0185.jpg 1 44 75 185 185
0020_0426_0342_0058_0058.jpg 1 426 342 58 58
0021_0139_0173_0167_0167.jpg 1 139 173 167 167
0022_0042_0018_0306_0306.jpg 1 42 18 306 306
0023_0180_0113_0110_0110.jpg 1 180 113 110 110
0024_0023_0079_0080_0080.jpg 1 23 79 80 80
0025_0236_0171_0256_0256.jpg 1 236 171 256 256
0026_0237_0093_0153_0153.jpg 1 237 93 153 153
0027_0168_0027_0057_0057.jpg 1 168 27 57 57
0028_0121_0028_0127_0127.jpg 1 121 28 127 127
0029_0286_0215_0208_0208.jpg 1 286 215 208 208
0030_0040_0037_0166_0166.jpg 1 40 37 166 166
0031_0288_0151_0136_0136.jpg 1 288 151 136 136
0032_0141_0212_0107_0107.jpg 1 141 212 107 107
0033_0127_0069_0129_0129.jpg 1 127 69 129 129
0034_0069_0077_0265_0265.jpg 1 69 77 265 265
0035_0212_0218_0230_0230.jpg 1 212 218 230 230
0036_0120_0079_0226_0226.jpg 1 120 79 226 226
0037_0209_0143_0272_0272.jpg 1 209 143 272 272
0038_0056_0259_0272_0272.jpg 1 56 259 272 272
0039_0142_0331_0169_0169.jpg 1 142 331 169 169
0040_0023_0046_0100_0100.jpg 1 23 46 100 100
0041_0319_0061_0112_0112.jpg 1 319 61 112 112
0042_0116_0073_0110_0110.jpg 1 116 73 110 110
0043_0160_0133_0186_0186.jpg 1 160 133 186 186
0044_0088_0186_0235_0235.jpg 1 88 186 235 235
0045_0380_0166_0180_0180.jpg 1 380 166 180 180
0046_0183_0173_0121_0121.jpg 1 183 173 121 121
0047_0338_0089_0048_0048.jpg 1 338 89 48 48
0048_0032_0041_0071_0071.jpg 1 32 41 71 71
0049_0128_0052_0144_0144.jpg 1 128 52 144 144
0050_0014_0025_0088_0088.jpg 1 14 25 88 88
0051_0113_0096_0091_0091.jpg 1 113 96 91 91
0052_0050_0130_0070_0070.jpg 1 50 130 70 70
0053_0152_0156_0283_0283.jpg 1 152 156 283 283
0054_0138_0033_0108_0108.jpg 1 138 33 108 108
0055_0117_0120_0084_0084.jpg 1 117 120 84 84
0056_0290_0101_0194_0194.jpg 1 290 101 194 194
0057_0154_0244_0163_0163.jpg 1 154 244 163 163
0058_0042_0029_0120_0120.jpg 1 42 29 120 120
0059_0437_0265_0130_0130.jpg 1 437 265 130 130
0060_0048_0048_0051_0051.jpg 1 48 48 51 51
0061_0096_0029_0223_0223.jpg 1 96 29 223 223
0062_0114_0210_0237_0237.jpg 1 114 210 237 237
0063_0092_0313_0289_0289.jpg 1 92 313 289 289
0064_0033_0128_0180_0180.jpg 1 33 128 180 180
0065_0268_0200_0114_0114.jpg 1 268 200 114 114
0066_0030_0097_0062_0062.jpg 1 30 97 62 62
0067_0209_0060_0127_0127.jpg 1 209 60 127 127
0068_0059_0169_0195_0195.jpg 1 59 169 195 195
0069_0222_0049_0140_0140.jpg 1 222 49 140 140
0070_0078_0302_0066_0066.jpg 1 78 302 66 66
0071_0220_0117_0066_0066.jpg 1 220 117 66 66
0072_0303_0129_0084_0084.jpg 1 303 129 84 84
0073_0020_0113_0057_0057.jpg 1 20 113 57 57
0074_0121_0067_0149_0149.jpg 1 121 67 149 149
0075_0009_0043_0086_0086.jpg 1 9 43 86 86
0076_0206_0093_0285_0285.jpg 1 206 93 285 285
0077_0052_0016_0160_0160.jpg 1 52 16 160 160
0078_0102_0057_0095_0095.jpg 1 102 57 95 95
0079_0068_0091_0057_0057.jpg 1 68 91 57 57
0080_0036_0112_0114_0114.jpg 1 36 112 114 114
0081_0031_0019_0062_0062.jpg 1 31 19 62 62
0082_0033_0032_0301_0301.jpg 1 33 32 301 301
0083_0189_0145_0214_0214.jpg 1 189 145 214 214
0084_0162_0030_0263_0263.jpg 1 162 30 263 263
0085_0092_0038_0115_0115.jpg 1 92 38 115 115
0086_0275_0025_0274_0274.jpg 1 275 25 274 274
0087_0151_0079_0275_0275.jpg 1 151 79 275 275
0088_0169_0236_0054_0054.jpg 1 169 236 54 54
0089_0267_0025_0254_0254.jpg 1 267 25 254 254
0090_0126_0029_0048_0048.jpg 1 126 29 48 48
0091_0159_0173_0281_0281.jpg 1 159 173 281 281
0092_0247_0236_0181_0181.jpg 1 247 236 181 181
0093_0227_0246_0092_0092.jpg 1 227 246 92 92
0094_0154_0077_0268_0268.jpg 1 154 77 268 268
0095_0058_0227_0174_0174.jpg 1 58 227 174 174
0096_0197_0051_0056_0056.jpg 1 197 51 56 56
0097_0200_0094_0203_0203.jpg 1 200 94 203 203
0098_0147_0068_0121_0121.jpg 1 147 68 121 121
0099_0259_0193_0117_0117.jpg 1 259 193 117 117
0100_0066_0029_0073_0073.jpg 1 66 29 73 73
0101_0162_0084_0108_0108.jpg 1 162 84 108 108
0102_0180_0036_0083_0083.jpg 1 180 36 83 83
0103_0263_0167_0275_0275.jpg 1 263 167 275 275
0104_0256_0185_0217_0217.jpg 1 256 185 217 217
0105_0025_0024_0136_0136.jpg 1 25 24 136 136
0106_0334_0094_0058_0058.jpg 1 334 94 58 58
0107_0155_0158_0302_0302.jpg 1 155 158 302 302
0108_0331_0137_0235_0235.jpg 1 331 137 235 235
0109_0184_0247_0049_0049.jpg 1 184 247 49 49
0110_0085_0200_0190_0190.jpg 1 85 200 190 190
0111_0253_0264_0107_0107.jpg 1 253 264 107 107
0112_0081_0036_0108_0108.jpg 1 81 36 108 108
0113_0161_0046_0130_0130.jpg 1 161 46 130 130
0114_0080_0016_0137_0137.jpg 1 80 16 137 137
0115_0044_0078_0201_0201.jpg 1 44 78 201 201
0116_0457_0094_0095_0095.jpg 1 457 94 95 95
0117_0425_0225_0060_0060.jpg 1 425 225 60 60
0118_0054_0136_0200_0200.jpg 1 54 136 200 200
0119_0139_0085_0083_0083.jpg 1 139 85 83 83
0120_0171_0073_0145_0145.jpg 1 171 73 145 145
0121_0163_0072_0098_0098.jpg 1 163 72 98 98
0122_0089_0270_0232_0232.jpg 1 89 270 232 232
0123_0163_0125_0085_0085.jpg 1 163 125 85 85
0124_0136_0058_0275_0275.jpg 1 136 58 275 275
0125_0067_0232_0088_0088.jpg 1 67 232 88 88
0126_0223_0195_0154_0154.jpg 1 223 195 154 154
0127_0338_0035_0211_0211.jpg 1 338 35 211 211
0128_0030_0045_0093_0093.jpg 1 30 45 93 93
0001_0299_0130_0280_0280.jpg 1 299 130 280 280
0002_0121_0187_0213_0213.jpg 1 121 187 213 213
0003_0046_0034_0079_0079.jpg 1 46 34 79 79
0004_0054_0033_0205_0205.jpg 1 54 33 205 205
0005_0119_0070_0121_0121.jpg 1 119 70 121 121
0006_0386_0061_0151_0151.jpg 1 386 61 151 151
0007_0110_0066_0150_0150.jpg 1 110 66 150 150
0008_0228_0082_0192_0192.jpg 1 228 82 192 192
0009_0044_0043_0138_0138.jpg 1 44 43 138 138
0010_0087_0073_0083_0083.jpg 1 87 73 83 83
0011_0198_0063_0050_0050.jpg 1 198 63 50 50
0012_0046_0089_0078_0078.jpg 1 46 89 78 78
0013_0129_0106_0305_0305.jpg 1 129 106 305 305
0014_0023_0055_0121_0121.jpg 1 23 55 121 121
0015_0066_0064_0141_0141.jpg 1 66 64 141 141
0016_0095_0072_0159_0159.jpg 1 95 72 159 159
0017_0026_0108_0111_0111.jpg 1 26 108 111 111
0018_0034_0079_0084_0084.jpg 1 34 79 84 84
0019_0134_0044_0248_0248.jpg 1 134 44 248 248
0020_0031_0081_0141_0141.jpg 1 31 81 141 141
0021_0024_0044_0153_0153.jpg 1 24 44 153 153
0022_0105_0100_0110_0110.jpg 1 105 100 110 110
0023_0270_0032_0263_0263.jpg 1 270 32 263 263
0024_0095_0033_0323_0323.jpg 1 95 33 323 323
0025_0082_0061_0311_0311.jpg 1 82 61 311 311
0026_0240_0140_0238_0238.jpg 1 240 140 238 238
0027_0029_0090_0068_0068.jpg 1 29 90 68 68
0028_0162_0131_0327_0327.jpg 1 162 131 327 327
0029_0023_0065_0166_0166.jpg 1 23 65 166 166
0030_0032_0125_0096_0096.jpg 1 32 125 96 96
0031_0158_0066_0105_0105.jpg 1 158 66 105 105
0032_0099_0110_0081_0081.jpg 1 99 110 81 81
0033_0055_0133_0287_0287.jpg 1 55 133 287 287
0034_0080_0075_0143_0143.jpg 1 80 75 143 143
0035_0407_0210_0067_0067.jpg 1 407 210 67 67
0036_0263_0203_0210_0210.jpg 1 263 203 210 210
0037_0073_0012_0117_0117.jpg 1 73 12 117 117
0038_0261_0118_0329_0329.jpg 1 261 118 329 329
0039_0067_0035_0133_0133.jpg 1 67 35 133 133
0040_0044_0043_0292_0292.jpg 1 44 43 292 292
0041_0091_0153_0059_0059.jpg 1 91 153 59 59
0042_0178_0182_0253_0253.jpg 1 178 182 253 253
0043_0246_0024_0311_0311.jpg 1 246 24 311 311
0044_0055_0028_0155_0155.jpg 1 55 28 155 155
0045_0128_0057_0150_0150.jpg 1 128 57 150 150
0046_0099_0168_0095_0095.jpg 1 99 168 95 95
0047_0186_0078_0232_0232.jpg 1 186 78 232 232
0048_0049_0063_0292_0292.jpg 1 49 63 292 292
0049_0291_0102_0140_0140.jpg 1 291 102 140 140
0050_0286_0046_0267_0267.jpg 1 286 46 267 267
0051_0057_0081_0082_0082.jpg 1 57 81 82 82
0052_0310_0121_0260_0260.jpg 1 310 121 260 260
0053_0046_0083_0111_0111.jpg 1 46 83 111 111
0054_0128_0078_0078_0078.jpg 1 128 78 78 78
0055_0074_0013_0148_0148.jpg 1 74 13 148 148
0056_0335_0231_0156_0156.jpg 1 335 231 156 156
0057_0041_0099_0125_0125.jpg 1 41 99 125 125
0058_0071_0150_0298_0298.jpg 1 71 150 298 298
0059_0146_0188_0088_0088.jpg 1 146 188 88 88
0060_0142_0051_0130_0130.jpg 1 142 51 130 130
0061_0057_0045_0071_0071.jpg 1 57 45 71 71
0062_0088_0045_0136_0136.jpg 1 88 45 136 136
0063_0088_0014_0120_0120.jpg 1 88 14 120 120
0064_0081_0043_0142_0142.jpg 1 81 43 142 142
0065_0129_0076_0284_0284.jpg 1 129 76 284 284
0066_0023_0295_0284_0284.jpg 1 23 295 284 284
0067_0037_0099_0069_0069.jpg 1 37 99 69 69
0068_0039_0053_0301_0301.jpg 1 39 53 301 301
0069_0069_0032_0054_0054.jpg 1 69 32 54 54
0070_0422_0281_0090_0090.jpg 1 422 281 90 90
0071_0056_0058_0232_0232.jpg 1 56 58 232 232
0072_0056_0153_0296_0296.jpg 1 56 153 296 296
0073_0273_0172_0097_0097.jpg 1 273 172 97 97
0074_0029_0044_0109_0109.jpg 1 29 44 109 109
0075_0112_0061_0332_0332.jpg 1 112 61 332 332
0076_0046_0021_0159_0159.jpg 1 46 21 159 159
0077_0377_0194_0160_0160.jpg 1 377 194 160 160
0078_0227_0280_0130_0130.jpg 1 227 280 130 130
0079_0107_0101_0053_0053.jpg 1 107 101 53 53
0080_0045_0105_0080_0080.jpg 1 45 105 80 80
0081_0041_0022_0053_0053.jpg 1 41 22 53 53
0082_0044_0024_0053_0053.jpg 1 44 24 53 53
0083_0072_0098_0111_0111.jpg 1 72 98 111 111
0084_0276_0394_0067_0067.jpg 1 276 394 67 67
0085_0078_0081_0168_0168.jpg 1 78 81 168 168
0086_0432_0152_0143_0143.jpg 1 432 152 143 143
0087_0074_0156_0182_0182.jpg 1 74 156 182 182
0088_0128_0115_0063_0063.jpg 1 128 115 63 63
0089_0089_0071_0062_0062.jpg 1 89 71 62 62
0090_0479_0254_0088_0088.jpg 1 479 254 88 88
0091_0045_0049_0112_0112.jpg 1 45 49 112 112
0092_0078_0294_0291_0291.jpg 1 78 294 291 291
0093_0154_0035_0262_0262.jpg 1 154 35 262 262
0094_0143_0071_0087_0087.jpg 1 143 71 87 87
0095_0107_0064_0130_0130.jpg 1 107 64 130 130
0096_0183_0122_0087_0087.jpg 1 183 122 87 87
0097_0074_0142_0211_0211.jpg 1 74 142 211 211
0098_0044_0076_0150_0150.jpg 1 44 76 150 150
0099_0033_0027_0078_0078.jpg 1 33 27 78 78
0100_0305_0225_0223_0223.jpg 1 305 225 223 223
0101_0017_0160_0061_0061.jpg 1 17 160 61 61
0102_0114_0045_0101_0101.jpg 1 114 45 101 101
0103_0384_0085_0113_0113.jpg 1 384 85 113 113
0104_0106_0142_0300_0300.jpg 1 106 142 300 300
0105_0151_0052_0127_0127.jpg 1 151 52 127 127
0106_0181_0403_0117_0117.jpg 1 181 403 117 117
0107_0067_0104_0310_0310.jpg 1 67 104 310 310
0108_0010_0031_0164_0164.jpg 1 10 31 164 164
0109_0087_0088_0108_0108.jpg 1 87 88 108 108
0110_0097_0051_0120_0120.jpg 1 97 51 120 120
0111_0139_0129_0284_0284.jpg 1 139 129 284 284
0112_0123_0077_0123_0123.jpg 1 123 77 123 123
0113_0368_0117_0148_0148.jpg 1 368 117 148 148
0114_0120_0056_0049_0049.jpg 1 120 56 49 49
0115_0058_0131_0136_0136.jpg 1 58 131 136 136
0116_0192_0045_0054_0054.jpg 1 192 45 54 54
0117_0173_0166_0054_0054.jpg 1 173 166 54 54
0118_0209_0064_0060_0060.jpg 1 209 64 60 60
0119_0049_0080_0107_0107.jpg 1 49 80 107 107
0120_0066_0033_0135_0135.jpg 1 66 33 135 135
0121_0098_0256_0121_0121.jpg 1 98 256 121 121
0122_0374_0265_0092_0092.jpg 1 374 265 92 92
0123_0071_0028_0059_0059.jpg 1 71 28 59 59
0124_0163_0093_0276_0276.jpg 1 163 93 276 276
0125_0062_0078_0076_0076.jpg 1 62 78 76 76
0126_0103_0088_0082_0082.jpg 1 103 88 82 82
0127_0221_0082_0285_0285.jpg 1 221 82 285 285
0128_0022_0037_0161_0161.jpg 1 22 37 161 161
0001_0147_0090_0150_0150.jpg 1 147 90 150 150
0002_0041_0195_0261_0261.jpg 1 41 195 261 261
0003_0154_0032_0133_0133.jpg 1 154 32 133 133
0004_0024_0013_0122_0122.jpg 1 24 13 122 122
0005_0075_0060_0123_0123.jpg 1 75 60 123 123
0006_0168_0088_0289_0289.jpg 1 168 88 289 289
0007_0090_0157_0126_0126.jpg 1 90 157 126 126
0008_0325_0035_0218_0218.jpg 1 325 35 218 218
0009_0069_0285_0048_0048.jpg 1 69 285 48 48
0010_0131_0020_0063_0063.jpg 1 131 20 63 63
0011_0397_0084_0116_0116.jpg 1 397 84 116 116
0012_0108_0017_0093_0093.jpg 1 108 17 93 93
0013_0118_0044_0129_0129.jpg 1 118 44 129 129
0014_0096_0139_0107_0107.jpg 1 96 139 107 107
0015_0175_0135_0117_0117.jpg 1 175 135 117 117
0016_0038_0081_0119_0119.jpg 1 38 81 119 119
0017_0073_0049_0117_0117.jpg 1 73 49 117 117
0018_0058_0063_0116_0116.jpg 1 58 63 116 116
0019_0098_0084_0112_0112.jpg 1 98 84 112 112
0020_0046_0099_0319_0319.jpg 1 46 99 319 319
0021_0062_0061_0164_0164.jpg 1 62 61 164 164
0022_0196_0053_0061_0061.jpg 1 196 53 61 61
0023_0050_0066_0105_0105.jpg 1 50 66 105 105
0024_0134_0052_0125_0125.jpg 1 134 52 125 125
0025_0042_0121_0059_0059.jpg 1 42 121 59 59
0026_0426_0122_0137_0137.jpg 1 426 122 137 137
0027_0191_0229_0084_0084.jpg 1 191 229 84 84
0028_0140_0018_0129_0129.jpg 1 140 18 129 129
0029_0107_0248_0055_0055.jpg 1 107 248 55 55
0030_0347_0307_0052_0052.jpg 1 347 307 52 52
0031_0428_0094_0052_0052.jpg 1 428 94 52 52
0032_0440_0167_0097_0097.jpg 1 440 167 97 97
0033_0020_0052_0083_0083.jpg 1 20 52 83 83
0034_0408_0158_0174_0174.jpg 1 408 158 174 174
0035_0020_0069_0119_0119.jpg 1 20 69 119 119
0036_0040_0118_0106_0106.jpg 1 40 118 106 106
0037_0124_0045_0113_0113.jpg 1 124 45 113 113
0038_0444_0207_0125_0125.jpg 1 444 207 125 125
0039_0222_0124_0146_0146.jpg 1 222 124 146 146
0040_0106_0126_0254_0254.jpg 1 106 126 254 254
0041_0212_0192_0164_0164.jpg 1 212 192 164 164
0042_0168_0416_0149_0149.jpg 1 168 416 149 149
0043_0010_0022_0048_0048.jpg 1 10 22 48 48
0044_0137_0034_0083_0083.jpg 1 137 34 83 83
0045_0075_0242_0324_0324.jpg 1 75 242 324 324
0046_0410_0331_0089_0089.jpg 1 410 331 89 89
0047_0036_0058_0328_0328.jpg 1 36 58 328 328
0048_0334_0191_0063_0063.jpg 1 334 191 63 63
0049_0474_0249_0104_0104.jpg 1 474 249 104 104
0050_0065_0067_0247_0247.jpg 1 65 67 247 247
0051_0053_0077_0123_0123.jpg 1 53 77 123 123
0052_0096_0096_0196_0196.jpg 1 96 96 196 196
0053_0025_0096_0119_0119.jpg 1 25 96 119 119
0054_0406_0216_0103_0103.jpg 1 406 216 103 103
0055_0162_0105_0067_0067.jpg 1 162 105 67 67
0056_0266_0066_0059_0059.jpg 1 266 66 59 59
0057_0102_0170_0049_0049.jpg 1 102 170 49 49
0058_0055_0096_0056_0056.jpg 1 55 96 56 56
0059_0020_0032_0065_0065.jpg 1 20 32 65 65
0060_0148_0047_0053_0053.jpg 1 148 47 53 53
0061_0166_0308_0092_0092.jpg 1 166 308 92 92
0062_0111_0194_0212_0212.jpg 1 111 194 212 212
0063_0222_0087_0258_0258.jpg 1 222 87 258 258
0064_0077_0104_0093_0093.jpg 1 77 104 93 93
0065_0087_0163_0142_0142.jpg 1 87 163 142 142
0066_0145_0182_0175_0175.jpg 1 145 182 175 175
0067_0059_0127_0071_0071.jpg 1 59 127 71 71
0068_0048_0029_0130_0130.jpg 1 48 29 130 130
0069_0137_0329_0080_0080.jpg 1 137 329 80 80
0070_0078_0148_0276_0276.jpg 1 78 148 276 276
0071_0051_0014_0100_0100.jpg 1 51 14 100 100
0072_0089_0025_0108_0108.jpg 1 89 25 108 108
0073_0248_0090_0131_0131.jpg 1 248 90 131 131
0074_0274_0163_0138_0138.jpg 1 274 163 138 138
0075_0083_0097_0076_0076.jpg 1 83 97 76 76
0076_0276_0130_0230_0230.jpg 1 276 130 230 230
0077_0253_0054_0094_0094.jpg 1 253 54 94 94
0078_0153_0298_0078_0078.jpg 1 153 298 78 78
0079_0027_0017_0155_0155.jpg 1 27 17 155 155
0080_0179_0026_0107_0107.jpg 1 179 26 107 107
0081_0097_0196_0324_0324.jpg 1 97 196 324 324
0082_0329_0134_0233_0233.jpg 1 329 134 233 233
0083_0030_0082_0055_0055.jpg 1 30 82 55 55
0084_0096_0103_0314_0314.jpg 1 96 103 314 314
0085_0398_0353_0068_0068.jpg 1 398 353 68 68
0086_0297_0026_0172_0172.jpg 1 297 26 172 172
0087_0210_0066_0230_0230.jpg 1 210 66 230 230
0088_0184_0344_0078_0078.jpg 1 184 344 78 78
0089_0075_0042_0070_0070.jpg 1 75 42 70 70
0090_0199_0061_0242_0242.jpg 1 199 61 242 242
0091_0204_0088_0276_0276.jpg 1 204 88 276 276
0092_0125_0226_0159_0159.jpg 1 125 226 159 159
0093_0397_0106_0129_0129.jpg 1 397 106 129 129
0094_0044_0067_0090_0090.jpg 1 44 67 90 90
0095_0367_0221_0218_0218.jpg 1 367 221 218 218
0096_0103_0134_0238_0238.jpg 1 103 134 238 238
0097_0067_0096_0086_0086.jpg 1 67 96 86 86
0098_0298_0147_0143_0143.jpg 1 298 147 143 143
0099_0242_0093_0291_0291.jpg 1 242 93 291 291
0100_0088_0236_0128_0128.jpg 1 88 236 128 128
0101_0288_0121_0224_0224.jpg 1 288 121 224 224
0102_0087_0019_0161_0161.jpg 1 87 19 161 161
0103_0020_0064_0153_0153.jpg 1 20 64 153 153
0104_0073_0064_0144_0144.jpg 1 73 64 144 144
0105_0070_0081_0099_0099.jpg 1 70 81 99 99
0106_0100_0313_0071_0071.jpg 1 100 313 71 71
0107_0275_0255_0157_0157.jpg 1 275 255 157 157
0108_0305_0031_0274_0274.jpg 1 305 31 274 274
0109_0078_0085_0112_0112.jpg 1 78 85 112 112
0110_0059_0206_0295_0295.jpg 1 59 206 295 295
0111_0210_0121_0246_0246.jpg 1 210 121 246 246
0112_0155_0127_0063_0063.jpg 1 155 127 63 63
0113_0015_0065_0103_0103.jpg 1 15 65 103 103
0114_0114_0106_0281_0281.jpg 1 114 106 281 281
0115_0112_0124_0088_0088.jpg 1 112 124 88 88
0116_0245_0121_0335_0335.jpg 1 245 121 335 335
0117_0021_0117_0094_0094.jpg 1 21 117 94 94
0118_0377_0213_0067_0067.jpg 1 377 213 67 67
0119_0096_0008_0156_0156.jpg 1 96 8 156 156
0120_0276_0158_0235_0235.jpg 1 276 158 235 235
0121_0068_0127_0071_0071.jpg 1 68 127 71 71
0122_0093_0102_0096_0096.jpg 1 93 102 96 96
0123_0059_0143_0070_0070.jpg 1 59 143 70 70
0124_0122_0146_0060_0060.jpg 1 122 146 60 60
0125_0467_0298_0063_0063.jpg 1 467 298 63 63
0126_0170_0036_0100_0100.jpg 1 170 36 100 100
0127_0185_0058_0103_0103.jpg 1 185 58 103 103
0128_0398_0032_0180_0180.jpg 1 398 32 180 180
0001_0015_0024_0155_0155.jpg 1 15 24 155 155
0002_0147_0268_0137_0137.jpg 1 147 268 137 137
0003_0026_0066_0097_0097.jpg 1 26 66 97 97
0004_0076_0216_0212_0212.jpg 1 76 216 212 212
0005_0167_0278_0086_0086.jpg 1 167 278 86 86
0006_0071_0016_0088_0088.jpg 1 71 16 88 88
0007_0112_0058_0074_0074.jpg 1 112 58 74 74
0008_0054_0037_0163_0163.jpg 1 54 37 163 163
0009_0146_0055_0097_0097.jpg 1 146 55 97 97
0010_0139_0133_0285_0285.jpg 1 139 133 285 285
0011_0088_0221_0183_0183.jpg 1 88 221 183 183
0012_0175_0329_0131_0131.jpg 1 175 329 131 131
0013_0340_0317_0096_0096.jpg 1 340 317 96 96
0014_0029_0039_0067_0067.jpg 1 29 39 67 67
0015_0268_0038_0317_0317.jpg 1 268 38 317 317
0016_0113_0028_0093_0093.jpg 1 113 28 93 93
0017_0078_0017_0106_0106.jpg 1 78 17 106 106
0018_0111_0257_0309_0309.jpg 1 111 257 309 309
0019_0042_0025_0137_0137.jpg 1 42 25 137 137
0020_0127_0032_0061_0061.jpg 1 127 32 61 61
0021_0078_0098_0295_0295.jpg 1 78 98 295 295
0022_0107_0016_0082_0082.jpg 1 107 16 82 82
0023_0156_0117_0073_0073.jpg 1 156 117 73 73
0024_0179_0243_0098_0098.jpg 1 179 243 98 98
0025_0131_0110_0107_0107.jpg 1 131 110 107 107
0026_0073_0084_0299_0299.jpg 1 73 84 299 299
0027_0063_0066_0157_0157.jpg 1 63 66 157 157
0028_0220_0063_0053_0053.jpg 1 220 63 53 53
0029_0140_0316_0163_0163.jpg 1 140 316 163 163
0030_0129_0049_0056_0056.jpg 1 129 49 56 56
0031_0022_0035_0138_0138.jpg 1 22 35 138 138
0032_0191_0019_0093_0093.jpg 1 191 19 93 93
0033_0181_0052_0101_0101.jpg 1 181 52 101 101
0034_0153_0128_0247_0247.jpg 1 153 128 247 247
0035_0225_0209_0072_0072.jpg 1 225 209 72 72
0036_0117_0067_0069_0069.jpg 1 117 67 69 69
0037_0060_0126_0160_0160.jpg 1 60 126 160 160
0038_0130_0144_0049_0049.jpg 1 130 144 49 49
0039_0052_0017_0117_0117.jpg 1 52 17 117 117
0040_0223_0202_0187_0187.jpg 1 223 202 187 187
0041_0067_0080_0104_0104.jpg 1 67 80 104 104
0042_0366_0212_0213_0213.jpg 1 366 212 213 213
0043_0012_0052_0138_0138.jpg 1 12 52 138 138
0044_0304_0190_0238_0238.jpg 1 304 190 238 238
0045_0091_0141_0062_0062.jpg 1 91 141 62 62
0046_0214_0207_0219_0219.jpg 1 214 207 219 219
0047_0058_0101_0078_0078.jpg 1 58 101 78 78
0048_0254_0242_0106_0106.jpg 1 254 242 106 106
0049_0058_0023_0072_0072.jpg 1 58 23 72 72
0050_0189_0066_0097_0097.jpg 1 189 66 97 97
0051_0093_0072_0102_0102.jpg 1 93 72 102 102
0052_0034_0166_0050_0050.jpg 1 34 166 50 50
0053_0171_0068_0090_0090.jpg 1 171 68 90 90
0054_0089_0063_0162_0162.jpg 1 89 63 162 162
0055_0108_0016_0096_0096.jpg 1 108 16 96 96
0056_0086_0146_0107_0107.jpg 1 86 146 107 107
0057_0056_0258_0329_0329.jpg 1 56 258 329 329
0058_0029_0236_0227_0227.jpg 1 29 236 227 227
0059_0058_0127_0064_0064.jpg 1 58 127 64 64
0060_0069_0117_0332_0332.jpg 1 69 117 332 332
0061_0185_0178_0065_0065.jpg 1 185 178 65 65
0062_0034_0024_0120_0120.jpg 1 34 24 120 120
0063_0084_0030_0150_0150.jpg 1 84 30 150 150
0064_0059_0122_0256_0256.jpg 1 59 122 256 256
0065_0267_0036_0311_0311.jpg 1 267 36 311 311
0066_0028_0055_0102_0102.jpg 1 28 55 102 102
0067_0098_0062_0133_0133.jpg 1 98 62 133 133
0068_0323_0144_0203_0203.jpg 1 323 144 203 203
0069_0062_0305_0257_0257.jpg 1 62 305 257 257
0070_0053_0062_0088_0088.jpg 1 53 62 88 88
0071_0103_0029_0164_0164.jpg 1 103 29 164 164
0072_0253_0083_0250_0250.jpg 1 253 83 250 250
0073_0117_0099_0122_0122.jpg 1 117 99 122 122
0074_0027_0059_0067_0067.jpg 1 27 59 67 67
0075_0327_0150_0208_0208.jpg 1 327 150 208 208
0076_0123_0100_0324_0324.jpg 1 123 100 324 324
0077_0151_0180_0068_0068.jpg 1 151 180 68 68
0078_0144_0198_0315_0315.jpg 1 144 198 315 315
0079_0025_0010_0142_0142.jpg 1 25 10 142 142
0080_0045_0318_0151_0151.jpg 1 45 318 151 151
0081_0489_0243_0052_0052.jpg 1 489 243 52 52
0082_0100_0008_0107_0107.jpg 1 100 8 107 107
0083_0095_0056_0091_0091.jpg 1 95 56 91 91
0084_0093_0054_0326_0326.jpg 1 93 54 326 326
0085_0392_0300_0112_0112.jpg 1 392 300 112 112
0086_0090_0098_0237_0237.jpg 1 90 98 237 237
0087_0195_0082_0133_0133.jpg 1 195 82 133 133
0088_0033_0123_0070_0070.jpg 1 33 123 70 70
0089_0048_0094_0109_0109.jpg 1 48 94 109 109
0090_0042_0158_0240_0240.jpg 1 42 158 240 240
0091_0037_0031_0115_0115.jpg 1 37 31 115 115
0092_0046_0130_0312_0312.jpg 1 46 130 312 312
0093_0245_0362_0194_0194.jpg 1 245 362 194 194
0094_0050_0123_0276_0276.jpg 1 50 123 276 276
0095_0127_0035_0148_0148.jpg 1 127 35 148 148
0096_0180_0043_0051_0051.jpg 1 180 43 51 51
0097_0357_0491_0060_0060.jpg 1 357 491 60 60
0098_0393_0188_0183_0183.jpg 1 393 188 183 183
0099_0327_0082_0269_0269.jpg 1 327 82 269 269
0100_0153_0073_0102_0102.jpg 1 153 73 102 102
0101_0030_0068_0075_0075.jpg 1 30 68 75 75
0102_0383_0136_0204_0204.jpg 1 383 136 204 204
0103_0077_0116_0279_0279.jpg 1 77 116 279 279
0104_0356_0211_0065_0065.jpg 1 356 211 65 65
0105_0020_0078_0075_0075.jpg 1 20 78 75 75
0106_0130_0122_0063_0063.jpg 1 130 122 63 63
0107_0301_0092_0069_0069.jpg 1 301 92 69 69
0108_0082_0083_0125_0125.jpg 1 82 83 125 125
0109_0114_0387_0054_0054.jpg 1 114 387 54 54
0110_0124_0161_0058_0058.jpg 1 124 161 58 58
0111_0034_0036_0149_0149.jpg 1 34 36 149 149
0112_0146_0070_0137_0137.jpg 1 146 70 137 137
0113_0166_0059_0115_0115.jpg 1 166 59 115 115
0114_0212_0340_0098_0098.jpg 1 212 340 98 98
0115_0125_0164_0193_0193.jpg 1 125 164 193 193
0116_0412_0116_0097_0097.jpg 1 412 116 97 97
0117_0093_0022_0148_0148.jpg 1 93 22 148 148
0118_0103_0046_0286_0286.jpg 1 103 46 286 286
0119_0011_0037_0122_0122.jpg 1 11 37 122 122
0120_0029_0026_0093_0093.jpg 1 29 26 93 93
0121_0065_0100_0066_0066.jpg 1 65 100 66 66
0122_0343_0047_0191_0191.jpg 1 343 47 191 191
0123_0284_0147_0302_0302.jpg 1 284 147 302 302
0124_0068_0074_0135_0135.jpg 1 68 74 135 135
0125_0108_0041_0299_0299.jpg 1 108 41 299 299
0126_0233_0395_0197_0197.jpg 1 233 395 197 197
0127_0229_0096_0117_0117.jpg 1 229 96 117 117
0128_0083_0071_0106_0106.jpg 1 83 71 106 106
0001_0048_0070_0050_0050.jpg 1 48 70 50 50
0002_0389_0181_0127_0127.jpg 1 389 181 127 127
0003_0260_0081_0286_0286.jpg 1 260 81 286 286
0004_0044_0053_0090_0090.jpg 1 44 53 90 90
0005_0267_0116_0271_0271.jpg 1 267 116 271 271
0006_0079_0228_0220_0220.jpg 1 79 228 220 220
0007_0022_0043_0128_0128.jpg 1 22 43 128 128
0008_0101_0177_0168_0168.jpg 1 101 177 168 168
0009_0066_0067_0072_0072.jpg 1 66 67 72 72
0010_0248_0053_0315_0315.jpg 1 248 53 315 315
0011_0074_0087_0109_0109.jpg 1 74 87 109 109
0012_0274_0222_0210_0210.jpg 1 274 222 210 210
0013_0188_0192_0176_0176.jpg 1 188 192 176 176
0014_0147_0048_0074_0074.jpg 1 147 48 74 74
0015_0148_0029_0128_0128.jpg 1 148 29 128 128
0016_0020_0137_0077_0077.jpg 1 20 137 77 77
0017_0074_0077_0129_0129.jpg 1 74 77 129 129
0018_0068_0130_0313_0313.jpg 1 68 130 313 313
0019_0090_0077_0050_0050.jpg 1 90 77 50 50
0020_0067_0032_0120_0120.jpg 1 67 32 120 120
0021_0248_0192_0111_0111.jpg 1 248 192 111 111
0022_0050_0019_0057_0057.jpg 1 50 19 57 57
0023_0132_0147_0053_0053.jpg 1 132 147 53 53
0024_0217_0104_0198_0198.jpg 1 217 104 198 198
0025_0049_0092_0095_0095.jpg 1 49 92 95 95
0026_0181_0100_0093_0093.jpg 1 181 100 93 93
0027_0098_0049_0097_0097.jpg 1 98 49 97 97
0028_0142_0096_0315_0315.jpg 1 142 96 315 315
0029_0086_0143_0076_0076.jpg 1 86 143 76 76
0030_0031_0084_0113_0113.jpg 1 31 84 113 113
0031_0084_0170_0104_0104.jpg 1 84 170 104 104
0032_0226_0186_0250_0250.jpg 1 226 186 250 250
0033_0207_0017_0078_0078.jpg 1 207 17 78 78
0034_0107_0247_0234_0234.jpg 1 107 247 234 234
0035_0222_0099_0060_0060.jpg 1 222 99 60 60
0036_0023_0078_0294_0294.jpg 1 23 78 294 294
0037_0217_0092_0052_0052.jpg 1 217 92 52 52
0038_0278_0114_0213_0213.jpg 1 278 114 213 213
0039_0204_0383_0135_0135.jpg 1 204 383 135 135
0040_0068_0089_0076_0076.jpg 1 68 89 76 76
0041_0149_0083_0087_0087.jpg 1 149 83 87 87
0042_0052_0064_0057_0057.jpg 1 52 64 57 57
0043_0327_0147_0169_0169.jpg 1 327 147 169 169
0044_0398_0181_0095_0095.jpg 1 398 181 95 95
0045_0088_0104_0083_0083.jpg 1 88 104 83 83
0046_0050_0083_0206_0206.jpg 1 50 83 206 206
0047_0236_0105_0186_0186.jpg 1 236 105 186 186
0048_0182_0037_0305_0305.jpg 1 182 37 305 305
0049_0054_0023_0156_0156.jpg 1 54 23 156 156
0050_0115_0204_0117_0117.jpg 1 115 204 117 117
0051_0090_0151_0285_0285.jpg 1 90 151 285 285
0052_0150_0301_0237_0237.jpg 1 150 301 237 237
0053_0063_0118_0053_0053.jpg 1 63 118 53 53
0054_0308_0150_0178_0178.jpg 1 308 150 178 178
0055_0020_0021_0089_0089.jpg 1 20 21 89 89
0056_0246_0079_0198_0198.jpg 1 246 79 198 198
0057_0076_0032_0063_0063.jpg 1 76 32 63 63
0058_0101_0083_0136_0136.jpg 1 101 83 136 136
0059_0159_0096_0106_0106.jpg 1 159 96 106 106
0060_0122_0125_0083_0083.jpg 1 122 125 83 83
0061_0455_0186_0106_0106.jpg 1 455 186 106 106
0062_0167_0074_0325_0325.jpg 1 167 74 325 325
0063_0125_0159_0236_0236.jpg 1 125 159 236 236
0064_0240_0137_0290_0290.jpg 1 240 137 290 290
0065_0383_0051_0125_0125.jpg 1 383 51 125 125
0066_0080_0042_0153_0153.jpg 1 80 42 153 153
0067_0059_0384_0083_0083.jpg 1 59 384 83 83
0068_0476_0130_0091_0091.jpg 1 476 130 91 91
0069_0136_0020_0166_0166.jpg 1 136 20 166 166
0070_0014_0056_0163_0163.jpg 1 14 56 163 163
0071_0083_0026_0073_0073.jpg 1 83 26 73 73
0072_0015_0023_0119_0119.jpg 1 15 23 119 119
0073_0071_0071_0078_0078.jpg 1 71 71 78 78
0074_0019_0027_0125_0125.jpg 1 19 27 125 125
0075_0392_0192_0172_0172.jpg 1 392 192 172 172
0076_0045_0038_0059_0059.jpg 1 45 38 59 59
0077_0098_0030_0066_0066.jpg 1 98 30 66 66
0078_0013_0067_0146_0146.jpg 1 13 67 146 146
0079_0226_0115_0279_0279.jpg 1 226 115 279 279
0080_0148_0039_0100_0100.jpg 1 148 39 100 100
0081_0111_0056_0247_0247.jpg 1 111 56 247 247
0082_0100_0077_0065_0065.jpg 1 100 77 65 65
0083_0085_0074_0063_0063.jpg 1 85 74 63 63
0084_0067_0023_0306_0306.jpg 1 67 23 306 306
0085_0053_0045_0167_0167.jpg 1 53 45 167 167
0086_0179_0330_0232_0232.jpg 1 179 330 232 232
0087_0308_0198_0087_0087.jpg 1 308 198 87 87
0088_0174_0156_0305_0305.jpg 1 174 156 305 305
0089_0244_0090_0303_0303.jpg 1 244 90 303 303
0090_0019_0082_0070_0070.jpg 1 19 82 70 70
0091_0368_0134_0062_0062.jpg 1 368 134 62 62
0092_0154_0123_0059_0059.jpg 1 154 123 59 59
0093_0042_0131_0073_0073.jpg 1 42 131 73 73
0094_0113_0410_0148_0148.jpg 1 113 410 148 148
0095_0074_0065_0255_0255.jpg 1 74 65 255 255
0096_0088_0087_0093_0093.jpg 1 88 87 93 93
0097_0040_0020_0138_0138.jpg 1 40 20 138 138
0098_0171_0234_0148_0148.jpg 1 171 234 148 148
0099_0020_0020_0083_0083.jpg 1 20 20 83 83
0100_0084_0064_0147_0147.jpg 1 84 64 147 147
0101_0017_0018_0151_0151.jpg 1 17 18 151 151
0102_0314_0303_0086_0086.jpg 1 314 303 86 86
0103_0068_0016_0083_0083.jpg 1 68 16 83 83
0104_0270_0058_0312_0312.jpg 1 270 58 312 312
0105_0162_0063_0050_0050.jpg 1 162 63 50 50
0106_0121_0199_0053_0053.jpg 1 121 199 53 53
0107_0434_0065_0084_0084.jpg 1 434 65 84 84
0108_0047_0032_0099_0099.jpg 1 47 32 99 99
0109_0023_0020_0110_0110.jpg 1 23 20 110 110
0110_0055_0049_0130_0130.jpg 1 55 49 130 130
0111_0447_0131_0137_0137.jpg 1 447 131 137 137
0112_0052_0030_0065_0065.jpg 1 52 30 65 65
0113_0028_0075_0084_0084.jpg 1 28 75 84 84
0114_0175_0181_0155_0155.jpg 1 175 181 155 155
0115_0368_0484_0053_0053.jpg 1 368 484 53 53
0116_0041_0046_0167_0167.jpg 1 41 46 167 167
0117_0137_0086_0105_0105.jpg 1 137 86 105 105
0118_0022_0047_0165_0165.jpg 1 22 47 165 165
0119_0035_0055_0103_0103.jpg 1 35 55 103 103
0120_0041_0073_0151_0151.jpg 1 41 73 151 151
0121_0101_0131_0314_0314.jpg 1 101 131 314 314
0122_0048_0024_0081_0081.jpg 1 48 24 81 81
0123_0037_0070_0128_0128.jpg 1 37 70 128 128
0124_0014_0022_0090_0090.jpg 1 14 22 90 90
0125_0091_0039_0142_0142.jpg 1 91 39 142 142
0126_0174_0124_0292_0292.jpg 1 174 124 292 292
0127_0183_0042_0109_0109.jpg 1 183 42 109 109
0128_0351_0187_0211_0211.jpg 1 351 187 211 211
