0001_0340_0142_0242_0242.jpg 1 340 142 242 242
0002_0247_0242_0140_0140.jpg 1 247 242 140 140
0003_0028_0027_0158_0158.jpg 1 28 27 158 158
0004_0062_0019_0120_0120.jpg 1 62 19 120 120
0005_0155_0233_0135_0135.jpg 1 155 233 135 135
0006_0213_0066_0309_0309.jpg 1 213 66 309 309
0007_0022_0026_0132_0132.jpg 1 22 26 132 132
0008_0010_0065_0096_0096.jpg 1 10 65 96 96
0009_0065_0190_0143_0143.jpg 1 65 190 143 143
0010_0047_0059_0107_0107.jpg 1 47 59 107 107
0011_0094_0030_0099_0099.jpg 1 94 30 99 99
0012_0096_0133_0057_0057.jpg 1 96 133 57 57
0013_0180_0019_0076_0076.jpg 1 180 19 76 76
0014_0197_0025_0094_0094.jpg 1 197 25 94 94
0015_0168_0064_0082_0082.jpg 1 168 64 82 82
0016_0362_0253_0066_0066.jpg 1 362 253 66 66
0017_0375_0235_0146_0146.jpg 1 375 235 146 146
0018_0080_0068_0076_0076.jpg 1 80 68 76 76
0019_0239_0297_0049_0049.jpg 1 239 297 49 49
0020_0204_0108_0076_0076.jpg 1 204 108 76 76
0021_0120_0018_0163_0163.jpg 1 120 18 163 163
0022_0025_0082_0089_0089.jpg 1 25 82 89 89
0023_0274_0155_0185_0185.jpg 1 274 155 185 185
0024_0154_0071_0123_0123.jpg 1 154 71 123 123
0025_0053_0066_0054_0054.jpg 1 53 66 54 54
0026_0045_0039_0113_0113.jpg 1 45 39 113 113
0027_0181_0028_0274_0274.jpg 1 181 28 274 274
0028_0097_0011_0167_0167.jpg 1 97 11 167 167
0029_0081_0326_0203_0203.jpg 1 81 326 203 203
0030_0283_0081_0168_0168.jpg 1 283 81 168 168
0031_0323_0215_0181_0181.jpg 1 323 215 181 181
0032_0293_0127_0295_0295.jpg 1 293 127 295 295
0033_0184_0099_0150_0150.jpg 1 184 99 150 150
0034_0156_0450_0072_0072.jpg 1 156 450 72 72
0035_0106_0162_0056_0056.jpg 1 106 162 56 56
0036_0027_0098_0090_0090.jpg 1 27 98 90 90
0037_0432_0181_0147_0147.jpg 1 432 181 147 147
0038_0037_0064_0113_0113.jpg 1 37 64 113 113
0039_0277_0068_0205_0205.jpg 1 277 68 205 205
0040_0098_0165_0055_0055.jpg 1 98 165 55 55
0041_0041_0061_0071_0071.jpg 1 41 61 71 71
0042_0062_0046_0144_0144.jpg 1 62 46 144 144
0043_0118_0097_0076_0076.jpg 1 118 97 76 76
0044_0058_0137_0091_0091.jpg 1 58 137 91 91
0045_0218_0094_0069_0069.jpg 1 218 94 69 69
0046_0129_0119_0322_0322.jpg 1 129 119 322 322
0047_0086_0041_0281_0281.jpg 1 86 41 281 281
0048_0239_0266_0214_0214.jpg 1 239 266 214 214
0049_0150_0078_0185_0185.jpg 1 150 78 185 185
0050_0044_0103_0102_0102.jpg 1 44 103 102 102
0051_0121_0074_0257_0257.jpg 1 121 74 257 257
0052_0303_0335_0054_0054.jpg 1 303 335 54 54
0053_0177_0216_0219_0219.jpg 1 177 216 219 219
0054_0075_0227_0156_0156.jpg 1 75 227 156 156
0055_0069_0056_0112_0112.jpg 1 69 56 112 112
0056_0328_0072_0268_0268.jpg 1 328 72 268 268
0057_0165_0022_0082_0082.jpg 1 165 22 82 82
0058_0054_0053_0316_0316.jpg 1 54 53 316 316
0059_0069_0076_0146_0146.jpg 1 69 76 146 146
0060_0184_0146_0178_0178.jpg 1 184 146 178 178
0061_0161_0095_0101_0101.jpg 1 161 95 101 101
0062_0120_0200_0227_0227.jpg 1 120 200 227 227
0063_0315_0044_0154_0154.jpg 1 315 44 154 154
0064_0204_0261_0188_0188.jpg 1 204 261 188 188
0065_0134_0226_0220_0220.jpg 1 134 226 220 220
0066_0133_0246_0190_0190.jpg 1 133 246 190 190
0067_0122_0100_0055_0055.jpg 1 122 100 55 55
0068_0061_0134_0216_0216.jpg 1 61 134 216 216
0069_0074_0216_0253_0253.jpg 1 74 216 253 253
0070_0173_0109_0145_0145.jpg 1 173 109 145 145
0071_0200_0098_0069_0069.jpg 1 200 98 69 69
0072_0200_0095_0332_0332.jpg 1 200 95 332 332
0073_0162_0079_0200_0200.jpg 1 162 79 200 200
0074_0047_0032_0104_0104.jpg 1 47 32 104 104
0075_0047_0073_0121_0121.jpg 1 47 73 121 121
0076_0057_0079_0091_0091.jpg 1 57 79 91 91
0077_0266_0129_0074_0074.jpg 1 266 129 74 74
0078_0134_0090_0053_0053.jpg 1 134 90 53 53
0079_0122_0073_0145_0145.jpg 1 122 73 145 145
0080_0273_0111_0330_0330.jpg 1 273 111 330 330
0081_0172_0063_0124_0124.jpg 1 172 63 124 124
0082_0254_0078_0330_0330.jpg 1 254 78 330 330
0083_0170_0145_0058_0058.jpg 1 170 145 58 58
0084_0135_0058_0071_0071.jpg 1 135 58 71 71
0085_0465_0159_0073_0073.jpg 1 465 159 73 73
0086_0115_0092_0280_0280.jpg 1 115 92 280 280
0087_0184_0053_0097_0097.jpg 1 184 53 97 97
0088_0310_0180_0143_0143.jpg 1 310 180 143 143
0089_0068_0073_0085_0085.jpg 1 68 73 85 85
0090_0127_0156_0218_0218.jpg 1 127 156 218 218
0091_0222_0287_0170_0170.jpg 1 222 287 170 170
0092_0054_0051_0129_0129.jpg 1 54 51 129 129
0093_0146_0078_0053_0053.jpg 1 146 78 53 53
0094_0043_0107_0115_0115.jpg 1 43 107 115 115
0095_0060_0012_0048_0048.jpg 1 60 12 48 48
0096_0009_0118_0077_0077.jpg 1 9 118 77 77
0097_0103_0358_0084_0084.jpg 1 103 358 84 84
0098_0149_0095_0131_0131.jpg 1 149 95 131 131
0099_0076_0066_0242_0242.jpg 1 76 66 242 242
0100_0182_0013_0115_0115.jpg 1 182 13 115 115
0101_0095_0131_0054_0054.jpg 1 95 131 54 54
0102_0074_0023_0063_0063.jpg 1 74 23 63 63
0103_0100_0048_0097_0097.jpg 1 100 48 97 97
0104_0076_0071_0124_0124.jpg 1 76 71 124 124
0105_0295_0260_0154_0154.jpg 1 295 260 154 154
0106_0423_0270_0056_0056.jpg 1 423 270 56 56
0107_0035_0097_0064_0064.jpg 1 35 97 64 64
0108_0300_0157_0173_0173.jpg 1 300 157 173 173
0109_0123_0085_0058_0058.jpg 1 123 85 58 58
0110_0214_0053_0073_0073.jpg 1 214 53 73 73
0111_0155_0072_0051_0051.jpg 1 155 72 51 51
0112_0219_0070_0064_0064.jpg 1 219 70 64 64
0113_0278_0055_0329_0329.jpg 1 278 55 329 329
0114_0054_0109_0315_0315.jpg 1 54 109 315 315
0115_0421_0293_0109_0109.jpg 1 421 293 109 109
0116_0108_0100_0058_0058.jpg 1 108 100 58 58
0117_0145_0052_0279_0279.jpg 1 145 52 279 279
0118_0067_0077_0078_0078.jpg 1 67 77 78 78
0119_0036_0068_0162_0162.jpg 1 36 68 162 162
0120_0143_0081_0139_0139.jpg 1 143 81 139 139
0121_0206_0029_0068_0068.jpg 1 206 29 68 68
0122_0050_0116_0097_0097.jpg 1 50 116 97 97
0123_0145_0099_0066_0066.jpg 1 145 99 66 66
0124_0070_0246_0233_0233.jpg 1 70 246 233 233
0125_0091_0049_0289_0289.jpg 1 91 49 289 289
0126_0132_0080_0062_0062.jpg 1 132 80 62 62
0127_0060_0033_0105_0105.jpg 1 60 33 105 105
0128_0149_0249_0075_0075.jpg 1 149 249 75 75
