0001_0393_0198_0147_0147.jpg 1 393 198 147 147
0002_0112_0201_0197_0197.jpg 1 112 201 197 197
0003_0171_0125_0170_0170.jpg 1 171 125 170 170
0004_0078_0068_0106_0106.jpg 1 78 68 106 106
0005_0140_0039_0103_0103.jpg 1 140 39 103 103
0006_0147_0131_0294_0294.jpg 1 147 131 294 294
0007_0163_0174_0255_0255.jpg 1 163 174 255 255
0008_0108_0077_0250_0250.jpg 1 108 77 250 250
0009_0330_0144_0240_0240.jpg 1 330 144 240 240
0010_0259_0068_0323_0323.jpg 1 259 68 323 323
0011_0089_0052_0135_0135.jpg 1 89 52 135 135
0012_0134_0176_0057_0057.jpg 1 134 176 57 57
0013_0128_0144_0064_0064.jpg 1 128 144 64 64
0014_0042_0048_0311_0311.jpg 1 42 48 311 311
0015_0100_0084_0122_0122.jpg 1 100 84 122 122
0016_0082_0144_0285_0285.jpg 1 82 144 285 285
0017_0047_0105_0074_0074.jpg 1 47 105 74 74
0018_0249_0240_0093_0093.jpg 1 249 240 93 93
0019_0119_0066_0265_0265.jpg 1 119 66 265 265
0020_0351_0059_0245_0245.jpg 1 351 59 245 245
0021_0037_0040_0097_0097.jpg 1 37 40 97 97
0022_0062_0104_0311_0311.jpg 1 62 104 311 311
0023_0041_0047_0053_0053.jpg 1 41 47 53 53
0024_0407_0125_0103_0103.jpg 1 407 125 103 103
0025_0027_0026_0130_0130.jpg 1 27 26 130 130
0026_0103_0054_0108_0108.jpg 1 103 54 108 108
0027_0211_0037_0074_0074.jpg 1 211 37 74 74
0028_0073_0121_0076_0076.jpg 1 73 121 76 76
0029_0414_0361_0052_0052.jpg 1 414 361 52 52
0030_0098_0148_0236_0236.jpg 1 98 148 236 236
0031_0150_0010_0117_0117.jpg 1 150 10 117 117
0032_0047_0140_0054_0054.jpg 1 47 140 54 54
0033_0093_0050_0153_0153.jpg 1 93 50 153 153
0034_0182_0185_0162_0162.jpg 1 182 185 162 162
0035_0038_0074_0149_0149.jpg 1 38 74 149 149
0036_0118_0074_0313_0313.jpg 1 118 74 313 313
0037_0295_0111_0292_0292.jpg 1 295 111 292 292
0038_0315_0070_0077_0077.jpg 1 315 70 77 77
0039_0091_0122_0174_0174.jpg 1 91 122 174 174
0040_0086_0030_0147_0147.jpg 1 86 30 147 147
0041_0082_0057_0150_0150.jpg 1 82 57 150 150
0042_0121_0125_0141_0141.jpg 1 121 125 141 141
0043_0177_0143_0063_0063.jpg 1 177 143 63 63
0044_0083_0035_0140_0140.jpg 1 83 35 140 140
0045_0294_0195_0218_0218.jpg 1 294 195 218 218
0046_0509_0228_0071_0071.jpg 1 509 228 71 71
0047_0300_0159_0218_0218.jpg 1 300 159 218 218
0048_0315_0043_0275_0275.jpg 1 315 43 275 275
0049_0111_0091_0084_0084.jpg 1 111 91 84 84
0050_0134_0147_0075_0075.jpg 1 134 147 75 75
0051_0065_0062_0123_0123.jpg 1 65 62 123 123
0052_0272_0214_0133_0133.jpg 1 272 214 133 133
0053_0206_0083_0067_0067.jpg 1 206 83 67 67
0054_0303_0083_0287_0287.jpg 1 303 83 287 287
0055_0176_0080_0069_0069.jpg 1 176 80 69 69
0056_0084_0065_0163_0163.jpg 1 84 65 163 163
0057_0073_0075_0119_0119.jpg 1 73 75 119 119
0058_0054_0083_0086_0086.jpg 1 54 83 86 86
0059_0110_0069_0139_0139.jpg 1 110 69 139 139
0060_0354_0147_0239_0239.jpg 1 354 147 239 239
0061_0083_0166_0053_0053.jpg 1 83 166 53 53
0062_0308_0155_0168_0168.jpg 1 308 155 168 168
0063_0098_0071_0230_0230.jpg 1 98 71 230 230
0064_0053_0084_0126_0126.jpg 1 53 84 126 126
0065_0204_0092_0080_0080.jpg 1 204 92 80 80
0066_0178_0264_0135_0135.jpg 1 178 264 135 135
0067_0133_0007_0125_0125.jpg 1 133 7 125 125
0068_0145_0110_0297_0297.jpg 1 145 110 297 297
0069_0045_0073_0091_0091.jpg 1 45 73 91 91
0070_0105_0046_0114_0114.jpg 1 105 46 114 114
0071_0439_0280_0079_0079.jpg 1 439 280 79 79
0072_0207_0148_0281_0281.jpg 1 207 148 281 281
0073_0118_0124_0206_0206.jpg 1 118 124 206 206
0074_0333_0130_0088_0088.jpg 1 333 130 88 88
0075_0035_0073_0141_0141.jpg 1 35 73 141 141
0076_0088_0164_0179_0179.jpg 1 88 164 179 179
0077_0067_0045_0119_0119.jpg 1 67 45 119 119
0078_0238_0098_0261_0261.jpg 1 238 98 261 261
0079_0129_0181_0099_0099.jpg 1 129 181 99 99
0080_0411_0118_0106_0106.jpg 1 411 118 106 106
0081_0240_0036_0303_0303.jpg 1 240 36 303 303
0082_0055_0069_0068_0068.jpg 1 55 69 68 68
0083_0337_0102_0219_0219.jpg 1 337 102 219 219
0084_0239_0437_0092_0092.jpg 1 239 437 92 92
0085_0099_0025_0091_0091.jpg 1 99 25 91 91
0086_0229_0213_0111_0111.jpg 1 229 213 111 111
0087_0152_0027_0308_0308.jpg 1 152 27 308 308
0088_0098_0026_0135_0135.jpg 1 98 26 135 135
0089_0042_0078_0055_0055.jpg 1 42 78 55 55
0090_0360_0230_0216_0216.jpg 1 360 230 216 216
0091_0159_0035_0169_0169.jpg 1 159 35 169 169
0092_0052_0032_0058_0058.jpg 1 52 32 58 58
0093_0118_0107_0302_0302.jpg 1 118 107 302 302
0094_0131_0164_0072_0072.jpg 1 131 164 72 72
0095_0108_0101_0230_0230.jpg 1 108 101 230 230
0096_0090_0024_0095_0095.jpg 1 90 24 95 95
0097_0032_0054_0167_0167.jpg 1 32 54 167 167
0098_0159_0110_0085_0085.jpg 1 159 110 85 85
0099_0017_0067_0073_0073.jpg 1 17 67 73 73
0100_0036_0049_0087_0087.jpg 1 36 49 87 87
0101_0159_0037_0100_0100.jpg 1 159 37 100 100
0102_0092_0093_0134_0134.jpg 1 92 93 134 134
0103_0148_0032_0274_0274.jpg 1 148 32 274 274
0104_0076_0048_0138_0138.jpg 1 76 48 138 138
0105_0091_0117_0187_0187.jpg 1 91 117 187 187
0106_0222_0245_0128_0128.jpg 1 222 245 128 128
0107_0078_0042_0273_0273.jpg 1 78 42 273 273
0108_0284_0153_0122_0122.jpg 1 284 153 122 122
0109_0174_0096_0115_0115.jpg 1 174 96 115 115
0110_0300_0141_0200_0200.jpg 1 300 141 200 200
0111_0078_0136_0324_0324.jpg 1 78 136 324 324
0112_0253_0158_0296_0296.jpg 1 253 158 296 296
0113_0334_0143_0241_0241.jpg 1 334 143 241 241
0114_0395_0164_0076_0076.jpg 1 395 164 76 76
0115_0045_0238_0321_0321.jpg 1 45 238 321 321
0116_0307_0172_0217_0217.jpg 1 307 172 217 217
0117_0138_0167_0145_0145.jpg 1 138 167 145 145
0118_0029_0064_0159_0159.jpg 1 29 64 159 159
0119_0042_0011_0142_0142.jpg 1 42 11 142 142
0120_0066_0242_0076_0076.jpg 1 66 242 76 76
0121_0344_0221_0218_0218.jpg 1 344 221 218 218
0122_0234_0196_0244_0244.jpg 1 234 196 244 244
0123_0144_0161_0051_0051.jpg 1 144 161 51 51
0124_0160_0031_0141_0141.jpg 1 160 31 141 141
0125_0057_0024_0112_0112.jpg 1 57 24 112 112
0126_0136_0181_0145_0145.jpg 1 136 181 145 145
0127_0341_0134_0216_0216.jpg 1 341 134 216 216
0128_0261_0320_0089_0089.jpg 1 261 320 89 89
