0001_0024_0050_0163_0163.jpg 1 24 50 163 163
0002_0141_0110_0227_0227.jpg 1 141 110 227 227
0003_0063_0050_0112_0112.jpg 1 63 50 112 112
0004_0222_0045_0279_0279.jpg 1 222 45 279 279
0005_0270_0071_0259_0259.jpg 1 270 71 259 259
0006_0332_0150_0109_0109.jpg 1 332 150 109 109
0007_0117_0073_0084_0084.jpg 1 117 73 84 84
0008_0337_0127_0255_0255.jpg 1 337 127 255 255
0009_0129_0092_0126_0126.jpg 1 129 92 126 126
0010_0158_0061_0118_0118.jpg 1 158 61 118 118
0011_0093_0045_0105_0105.jpg 1 93 45 105 105
0012_0084_0131_0069_0069.jpg 1 84 131 69 69
0013_0067_0084_0104_0104.jpg 1 67 84 104 104
0014_0361_0140_0048_0048.jpg 1 361 140 48 48
0015_0046_0038_0162_0162.jpg 1 46 38 162 162
0016_0067_0084_0072_0072.jpg 1 67 84 72 72
0017_0134_0019_0095_0095.jpg 1 134 19 95 95
0018_0097_0256_0092_0092.jpg 1 97 256 92 92
0019_0056_0130_0062_0062.jpg 1 56 130 62 62
0020_0122_0129_0285_0285.jpg 1 122 129 285 285
0021_0110_0025_0087_0087.jpg 1 110 25 87 87
0022_0126_0073_0179_0179.jpg 1 126 73 179 179
0023_0022_0024_0166_0166.jpg 1 22 24 166 166
0024_0104_0064_0154_0154.jpg 1 104 64 154 154
0025_0074_0019_0113_0113.jpg 1 74 19 113 113
0026_0109_0048_0281_0281.jpg 1 109 48 281 281
0027_0102_0065_0095_0095.jpg 1 102 65 95 95
0028_0016_0119_0104_0104.jpg 1 16 119 104 104
0029_0437_0302_0131_0131.jpg 1 437 302 131 131
0030_0033_0086_0135_0135.jpg 1 33 86 135 135
0031_0212_0186_0087_0087.jpg 1 212 186 87 87
0032_0056_0133_0069_0069.jpg 1 56 133 69 69
0033_0184_0096_0064_0064.jpg 1 184 96 64 64
0034_0104_0143_0163_0163.jpg 1 104 143 163 163
0035_0189_0129_0174_0174.jpg 1 189 129 174 174
0036_0203_0080_0198_0198.jpg 1 203 80 198 198
0037_0116_0040_0140_0140.jpg 1 116 40 140 140
0038_0067_0085_0304_0304.jpg 1 67 85 304 304
0039_0109_0058_0146_0146.jpg 1 109 58 146 146
0040_0049_0063_0132_0132.jpg 1 49 63 132 132
0041_0084_0034_0113_0113.jpg 1 84 34 113 113
0042_0081_0058_0066_0066.jpg 1 81 58 66 66
0043_0140_0108_0052_0052.jpg 1 140 108 52 52
0044_0145_0227_0101_0101.jpg 1 145 227 101 101
0045_0079_0018_0074_0074.jpg 1 79 18 74 74
0046_0145_0077_0190_0190.jpg 1 145 77 190 190
0047_0026_0148_0062_0062.jpg 1 26 148 62 62
0048_0385_0074_0106_0106.jpg 1 385 74 106 106
0049_0056_0040_0138_0138.jpg 1 56 40 138 138
0050_0025_0096_0048_0048.jpg 1 25 96 48 48
0051_0420_0229_0172_0172.jpg 1 420 229 172 172
0052_0025_0026_0064_0064.jpg 1 25 26 64 64
0053_0326_0294_0132_0132.jpg 1 326 294 132 132
0054_0018_0046_0154_0154.jpg 1 18 46 154 154
0055_0085_0046_0049_0049.jpg 1 85 46 49 49
0056_0169_0130_0090_0090.jpg 1 169 130 90 90
0057_0143_0104_0205_0205.jpg 1 143 104 205 205
0058_0210_0047_0049_0049.jpg 1 210 47 49 49
0059_0079_0007_0113_0113.jpg 1 79 7 113 113
0060_0157_0158_0197_0197.jpg 1 157 158 197 197
0061_0183_0051_0177_0177.jpg 1 183 51 177 177
0062_0078_0020_0328_0328.jpg 1 78 20 328 328
0063_0095_0091_0134_0134.jpg 1 95 91 134 134
0064_0103_0067_0148_0148.jpg 1 103 67 148 148
0065_0057_0236_0161_0161.jpg 1 57 236 161 161
0066_0172_0019_0121_0121.jpg 1 172 19 121 121
0067_0053_0106_0081_0081.jpg 1 53 106 81 81
0068_0143_0092_0097_0097.jpg 1 143 92 97 97
0069_0073_0012_0161_0161.jpg 1 73 12 161 161
0070_0261_0079_0272_0272.jpg 1 261 79 272 272
0071_0132_0030_0057_0057.jpg 1 132 30 57 57
0072_0146_0043_0075_0075.jpg 1 146 43 75 75
0073_0041_0061_0143_0143.jpg 1 41 61 143 143
0074_0242_0251_0181_0181.jpg 1 242 251 181 181
0075_0255_0138_0133_0133.jpg 1 255 138 133 133
0076_0157_0114_0067_0067.jpg 1 157 114 67 67
0077_0444_0120_0141_0141.jpg 1 444 120 141 141
0078_0300_0105_0188_0188.jpg 1 300 105 188 188
0079_0051_0021_0143_0143.jpg 1 51 21 143 143
0080_0219_0137_0083_0083.jpg 1 219 137 83 83
0081_0117_0263_0084_0084.jpg 1 117 263 84 84
0082_0133_0117_0209_0209.jpg 1 133 117 209 209
0083_0017_0097_0052_0052.jpg 1 17 97 52 52
0084_0213_0089_0310_0310.jpg 1 213 89 310 310
0085_0015_0060_0091_0091.jpg 1 15 60 91 91
0086_0368_0089_0164_0164.jpg 1 368 89 164 164
0087_0169_0074_0065_0065.jpg 1 169 74 65 65
0088_0160_0089_0324_0324.jpg 1 160 89 324 324
0089_0087_0013_0166_0166.jpg 1 87 13 166 166
0090_0137_0063_0309_0309.jpg 1 137 63 309 309
0091_0303_0077_0159_0159.jpg 1 303 77 159 159
0092_0057_0068_0092_0092.jpg 1 57 68 92 92
0093_0043_0120_0081_0081.jpg 1 43 120 81 81
0094_0139_0046_0094_0094.jpg 1 139 46 94 94
0095_0072_0042_0133_0133.jpg 1 72 42 133 133
0096_0068_0296_0303_0303.jpg 1 68 296 303 303
0097_0046_0028_0095_0095.jpg 1 46 28 95 95
0098_0019_0148_0065_0065.jpg 1 19 148 65 65
0099_0040_0058_0055_0055.jpg 1 40 58 55 55
0100_0207_0186_0143_0143.jpg 1 207 186 143 143
0101_0163_0013_0131_0131.jpg 1 163 13 131 131
0102_0122_0057_0061_0061.jpg 1 122 57 61 61
0103_0229_0099_0228_0228.jpg 1 229 99 228 228
0104_0195_0065_0076_0076.jpg 1 195 65 76 76
0105_0094_0113_0244_0244.jpg 1 94 113 244 244
0106_0331_0066_0187_0187.jpg 1 331 66 187 187
0107_0376_0238_0181_0181.jpg 1 376 238 181 181
0108_0142_0146_0267_0267.jpg 1 142 146 267 267
0109_0165_0013_0119_0119.jpg 1 165 13 119 119
0110_0266_0054_0261_0261.jpg 1 266 54 261 261
0111_0230_0346_0061_0061.jpg 1 230 346 61 61
0112_0150_0192_0169_0169.jpg 1 150 192 169 169
0113_0049_0045_0123_0123.jpg 1 49 45 123 123
0114_0064_0051_0159_0159.jpg 1 64 51 159 159
0115_0040_0096_0279_0279.jpg 1 40 96 279 279
0116_0030_0044_0093_0093.jpg 1 30 44 93 93
0117_0470_0112_0095_0095.jpg 1 470 112 95 95
0118_0123_0042_0061_0061.jpg 1 123 42 61 61
0119_0105_0073_0152_0152.jpg 1 105 73 152 152
0120_0050_0100_0249_0249.jpg 1 50 100 249 249
0121_0390_0105_0155_0155.jpg 1 390 105 155 155
0122_0028_0089_0083_0083.jpg 1 28 89 83 83
0123_0266_0092_0233_0233.jpg 1 266 92 233 233
0124_0029_0188_0257_0257.jpg 1 29 188 257 257
0125_0064_0075_0098_0098.jpg 1 64 75 98 98
0126_0238_0251_0130_0130.jpg 1 238 251 130 130
0127_0141_0087_0273_0273.jpg 1 141 87 273 273
0128_0051_0018_0059_0059.jpg 1 51 18 59 59
