0001_0062_0258_0048_0048.jpg 1 62 258 48 48
0002_0180_0120_0078_0078.jpg 1 180 120 78 78
0003_0059_0034_0094_0094.jpg 1 59 34 94 94
0004_0118_0261_0069_0069.jpg 1 118 261 69 69
0005_0307_0035_0180_0180.jpg 1 307 35 180 180
0006_0027_0025_0134_0134.jpg 1 27 25 134 134
0007_0178_0412_0113_0113.jpg 1 178 412 113 113
0008_0093_0051_0101_0101.jpg 1 93 51 101 101
0009_0109_0033_0161_0161.jpg 1 109 33 161 161
0010_0007_0087_0107_0107.jpg 1 7 87 107 107
0011_0042_0060_0138_0138.jpg 1 42 60 138 138
0012_0071_0069_0096_0096.jpg 1 71 69 96 96
0013_0104_0147_0159_0159.jpg 1 104 147 159 159
0014_0127_0168_0243_0243.jpg 1 127 168 243 243
0015_0034_0038_0161_0161.jpg 1 34 38 161 161
0016_0093_0022_0113_0113.jpg 1 93 22 113 113
0017_0445_0137_0077_0077.jpg 1 445 137 77 77
0018_0093_0074_0093_0093.jpg 1 93 74 93 93
0019_0150_0082_0050_0050.jpg 1 150 82 50 50
0020_0043_0022_0098_0098.jpg 1 43 22 98 98
0021_0221_0095_0065_0065.jpg 1 221 95 65 65
0022_0195_0076_0163_0163.jpg 1 195 76 163 163
0023_0183_0091_0115_0115.jpg 1 183 91 115 115
0024_0185_0067_0150_0150.jpg 1 185 67 150 150
0025_0099_0069_0189_0189.jpg 1 99 69 189 189
0026_0230_0284_0153_0153.jpg 1 230 284 153 153
0027_0209_0042_0087_0087.jpg 1 209 42 87 87
0028_0040_0052_0056_0056.jpg 1 40 52 56 56
0029_0114_0081_0099_0099.jpg 1 114 81 99 99
0030_0067_0088_0127_0127.jpg 1 67 88 127 127
0031_0117_0035_0059_0059.jpg 1 117 35 59 59
0032_0183_0015_0093_0093.jpg 1 183 15 93 93
0033_0033_0117_0048_0048.jpg 1 33 117 48 48
0034_0027_0119_0094_0094.jpg 1 27 119 94 94
0035_0086_0074_0050_0050.jpg 1 86 74 50 50
0036_0088_0016_0159_0159.jpg 1 88 16 159 159
0037_0085_0272_0050_0050.jpg 1 85 272 50 50
0038_0118_0041_0087_0087.jpg 1 118 41 87 87
0039_0046_0037_0107_0107.jpg 1 46 37 107 107
0040_0168_0179_0274_0274.jpg 1 168 179 274 274
0041_0071_0055_0080_0080.jpg 1 71 55 80 80
0042_0057_0116_0310_0310.jpg 1 57 116 310 310
0043_0372_0099_0212_0212.jpg 1 372 99 212 212
0044_0078_0129_0327_0327.jpg 1 78 129 327 327
0045_0081_0089_0323_0323.jpg 1 81 89 323 323
0046_0019_0136_0325_0325.jpg 1 19 136 325 325
0047_0057_0048_0118_0118.jpg 1 57 48 118 118
0048_0029_0110_0102_0102.jpg 1 29 110 102 102
0049_0082_0042_0324_0324.jpg 1 82 42 324 324
0050_0228_0091_0284_0284.jpg 1 228 91 284 284
0051_0086_0104_0186_0186.jpg 1 86 104 186 186
0052_0155_0152_0147_0147.jpg 1 155 152 147 147
0053_0152_0152_0103_0103.jpg 1 152 152 103 103
0054_0193_0047_0061_0061.jpg 1 193 47 61 61
0055_0430_0094_0060_0060.jpg 1 430 94 60 60
0056_0085_0081_0102_0102.jpg 1 85 81 102 102
0057_0113_0069_0086_0086.jpg 1 113 69 86 86
0058_0117_0082_0066_0066.jpg 1 117 82 66 66
0059_0407_0190_0084_0084.jpg 1 407 190 84 84
0060_0081_0052_0085_0085.jpg 1 81 52 85 85
0061_0135_0268_0145_0145.jpg 1 135 268 145 145
0062_0056_0105_0092_0092.jpg 1 56 105 92 92
0063_0219_0144_0169_0169.jpg 1 219 144 169 169
0064_0036_0111_0101_0101.jpg 1 36 111 101 101
0065_0056_0119_0071_0071.jpg 1 56 119 71 71
0066_0077_0135_0214_0214.jpg 1 77 135 214 214
0067_0172_0137_0118_0118.jpg 1 172 137 118 118
0068_0053_0038_0317_0317.jpg 1 53 38 317 317
0069_0083_0139_0333_0333.jpg 1 83 139 333 333
0070_0110_0093_0115_0115.jpg 1 110 93 115 115
0071_0325_0112_0121_0121.jpg 1 325 112 121 121
0072_0144_0217_0312_0312.jpg 1 144 217 312 312
0073_0099_0071_0146_0146.jpg 1 99 71 146 146
0074_0048_0043_0082_0082.jpg 1 48 43 82 82
0075_0051_0029_0094_0094.jpg 1 51 29 94 94
0076_0146_0055_0137_0137.jpg 1 146 55 137 137
0077_0142_0211_0187_0187.jpg 1 142 211 187 187
0078_0139_0100_0109_0109.jpg 1 139 100 109 109
0079_0081_0048_0080_0080.jpg 1 81 48 80 80
0080_0039_0035_0086_0086.jpg 1 39 35 86 86
0081_0017_0022_0158_0158.jpg 1 17 22 158 158
0082_0247_0072_0282_0282.jpg 1 247 72 282 282
0083_0081_0089_0110_0110.jpg 1 81 89 110 110
0084_0031_0039_0071_0071.jpg 1 31 39 71 71
0085_0252_0205_0229_0229.jpg 1 252 205 229 229
0086_0232_0016_0290_0290.jpg 1 232 16 290 290
0087_0132_0038_0102_0102.jpg 1 132 38 102 102
0088_0271_0086_0163_0163.jpg 1 271 86 163 163
0089_0351_0121_0211_0211.jpg 1 351 121 211 211
0090_0050_0060_0165_0165.jpg 1 50 60 165 165
0091_0275_0198_0058_0058.jpg 1 275 198 58 58
0092_0061_0033_0068_0068.jpg 1 61 33 68 68
0093_0483_0120_0067_0067.jpg 1 483 120 67 67
0094_0129_0072_0065_0065.jpg 1 129 72 65 65
0095_0060_0092_0276_0276.jpg 1 60 92 276 276
0096_0086_0123_0100_0100.jpg 1 86 123 100 100
0097_0336_0048_0138_0138.jpg 1 336 48 138 138
0098_0489_0295_0070_0070.jpg 1 489 295 70 70
0099_0013_0132_0061_0061.jpg 1 13 132 61 61
0100_0154_0052_0058_0058.jpg 1 154 52 58 58
0101_0084_0055_0096_0096.jpg 1 84 55 96 96
0102_0215_0277_0118_0118.jpg 1 215 277 118 118
0103_0064_0139_0324_0324.jpg 1 64 139 324 324
0104_0251_0225_0173_0173.jpg 1 251 225 173 173
0105_0033_0038_0147_0147.jpg 1 33 38 147 147
0106_0414_0068_0135_0135.jpg 1 414 68 135 135
0107_0091_0111_0326_0326.jpg 1 91 111 326 326
0108_0168_0126_0234_0234.jpg 1 168 126 234 234
0109_0154_0123_0264_0264.jpg 1 154 123 264 264
0110_0166_0092_0271_0271.jpg 1 166 92 271 271
0111_0021_0116_0085_0085.jpg 1 21 116 85 85
0112_0037_0110_0107_0107.jpg 1 37 110 107 107
0113_0132_0022_0092_0092.jpg 1 132 22 92 92
0114_0035_0057_0064_0064.jpg 1 35 57 64 64
0115_0028_0015_0162_0162.jpg 1 28 15 162 162
0116_0129_0019_0068_0068.jpg 1 129 19 68 68
0117_0103_0076_0106_0106.jpg 1 103 76 106 106
0118_0047_0015_0054_0054.jpg 1 47 15 54 54
0119_0319_0199_0218_0218.jpg 1 319 199 218 218
0120_0321_0102_0268_0268.jpg 1 321 102 268 268
0121_0110_0087_0332_0332.jpg 1 110 87 332 332
0122_0275_0092_0065_0065.jpg 1 275 92 65 65
0123_0395_0197_0097_0097.jpg 1 395 197 97 97
0124_0020_0109_0099_0099.jpg 1 20 109 99 99
0125_0149_0098_0085_0085.jpg 1 149 98 85 85
0126_0057_0161_0049_0049.jpg 1 57 161 49 49
0127_0122_0032_0064_0064.jpg 1 122 32 64 64
0128_0037_0066_0098_0098.jpg 1 37 66 98 98
