0001_0205_0255_0185_0185.jpg 1 205 255 185 185
0002_0062_0060_0137_0137.jpg 1 62 60 137 137
0003_0044_0063_0070_0070.jpg 1 44 63 70 70
0004_0296_0354_0123_0123.jpg 1 296 354 123 123
0005_0025_0017_0080_0080.jpg 1 25 17 80 80
0006_0074_0023_0088_0088.jpg 1 74 23 88 88
0007_0019_0082_0075_0075.jpg 1 19 82 75 75
0008_0027_0099_0070_0070.jpg 1 27 99 70 70
0009_0147_0146_0308_0308.jpg 1 147 146 308 308
0010_0334_0115_0227_0227.jpg 1 334 115 227 227
0011_0081_0021_0125_0125.jpg 1 81 21 125 125
0012_0378_0081_0121_0121.jpg 1 378 81 121 121
0013_0118_0334_0073_0073.jpg 1 118 334 73 73
0014_0092_0026_0158_0158.jpg 1 92 26 158 158
0015_0083_0098_0120_0120.jpg 1 83 98 120 120
0016_0161_0270_0103_0103.jpg 1 161 270 103 103
0017_0016_0039_0156_0156.jpg 1 16 39 156 156
0018_0181_0024_0299_0299.jpg 1 181 24 299 299
0019_0277_0087_0282_0282.jpg 1 277 87 282 282
0020_0167_0171_0285_0285.jpg 1 167 171 285 285
0021_0035_0299_0254_0254.jpg 1 35 299 254 254
0022_0099_0009_0151_0151.jpg 1 99 9 151 151
0023_0072_0117_0054_0054.jpg 1 72 117 54 54
0024_0218_0187_0081_0081.jpg 1 218 187 81 81
0025_0211_0123_0139_0139.jpg 1 211 123 139 139
0026_0029_0028_0165_0165.jpg 1 29 28 165 165
0027_0052_0045_0157_0157.jpg 1 52 45 157 157
0028_0079_0133_0227_0227.jpg 1 79 133 227 227
0029_0045_0166_0225_0225.jpg 1 45 166 225 225
0030_0053_0017_0135_0135.jpg 1 53 17 135 135
0031_0036_0043_0103_0103.jpg 1 36 43 103 103
0032_0091_0168_0052_0052.jpg 1 91 168 52 52
0033_0084_0048_0128_0128.jpg 1 84 48 128 128
0034_0160_0191_0156_0156.jpg 1 160 191 156 156
0035_0283_0115_0055_0055.jpg 1 283 115 55 55
0036_0073_0147_0233_0233.jpg 1 73 147 233 233
0037_0057_0122_0081_0081.jpg 1 57 122 81 81
0038_0105_0117_0075_0075.jpg 1 105 117 75 75
0039_0056_0128_0168_0168.jpg 1 56 128 168 168
0040_0328_0052_0062_0062.jpg 1 328 52 62 62
0041_0248_0260_0189_0189.jpg 1 248 260 189 189
0042_0475_0202_0100_0100.jpg 1 475 202 100 100
0043_0188_0088_0050_0050.jpg 1 188 88 50 50
0044_0229_0145_0236_0236.jpg 1 229 145 236 236
0045_0288_0322_0053_0053.jpg 1 288 322 53 53
0046_0207_0105_0329_0329.jpg 1 207 105 329 329
0047_0373_0039_0209_0209.jpg 1 373 39 209 209
0048_0357_0122_0218_0218.jpg 1 357 122 218 218
0049_0137_0093_0096_0096.jpg 1 137 93 96 96
0050_0046_0121_0090_0090.jpg 1 46 121 90 90
0051_0165_0211_0207_0207.jpg 1 165 211 207 207
0052_0198_0129_0132_0132.jpg 1 198 129 132 132
0053_0154_0089_0068_0068.jpg 1 154 89 68 68
0054_0194_0039_0262_0262.jpg 1 194 39 262 262
0055_0164_0141_0139_0139.jpg 1 164 141 139 139
0056_0199_0088_0052_0052.jpg 1 199 88 52 52
0057_0059_0026_0108_0108.jpg 1 59 26 108 108
0058_0031_0093_0135_0135.jpg 1 31 93 135 135
0059_0400_0076_0067_0067.jpg 1 400 76 67 67
0060_0030_0044_0132_0132.jpg 1 30 44 132 132
0061_0064_0049_0074_0074.jpg 1 64 49 74 74
0062_0138_0058_0130_0130.jpg 1 138 58 130 130
0063_0365_0088_0066_0066.jpg 1 365 88 66 66
0064_0117_0079_0238_0238.jpg 1 117 79 238 238
0065_0121_0107_0085_0085.jpg 1 121 107 85 85
0066_0173_0108_0332_0332.jpg 1 173 108 332 332
0067_0131_0078_0076_0076.jpg 1 131 78 76 76
0068_0141_0112_0264_0264.jpg 1 141 112 264 264
0069_0059_0269_0135_0135.jpg 1 59 269 135 135
0070_0070_0066_0108_0108.jpg 1 70 66 108 108
0071_0088_0099_0091_0091.jpg 1 88 99 91 91
0072_0087_0369_0080_0080.jpg 1 87 369 80 80
0073_0079_0153_0048_0048.jpg 1 79 153 48 48
0074_0042_0031_0108_0108.jpg 1 42 31 108 108
0075_0093_0161_0297_0297.jpg 1 93 161 297 297
0076_0120_0073_0102_0102.jpg 1 120 73 102 102
0077_0202_0141_0254_0254.jpg 1 202 141 254 254
0078_0296_0133_0282_0282.jpg 1 296 133 282 282
0079_0086_0105_0111_0111.jpg 1 86 105 111 111
0080_0167_0118_0227_0227.jpg 1 167 118 227 227
0081_0428_0156_0138_0138.jpg 1 428 156 138 138
0082_0275_0140_0321_0321.jpg 1 275 140 321 321
0083_0098_0047_0064_0064.jpg 1 98 47 64 64
0084_0324_0209_0181_0181.jpg 1 324 209 181 181
0085_0027_0102_0102_0102.jpg 1 27 102 102 102
0086_0139_0072_0268_0268.jpg 1 139 72 268 268
0087_0043_0077_0114_0114.jpg 1 43 77 114 114
0088_0121_0108_0287_0287.jpg 1 121 108 287 287
0089_0400_0279_0169_0169.jpg 1 400 279 169 169
0090_0295_0211_0216_0216.jpg 1 295 211 216 216
0091_0071_0090_0067_0067.jpg 1 71 90 67 67
0092_0207_0036_0146_0146.jpg 1 207 36 146 146
0093_0250_0095_0320_0320.jpg 1 250 95 320 320
0094_0185_0035_0070_0070.jpg 1 185 35 70 70
0095_0034_0115_0087_0087.jpg 1 34 115 87 87
0096_0191_0030_0249_0249.jpg 1 191 30 249 249
0097_0166_0069_0095_0095.jpg 1 166 69 95 95
0098_0041_0342_0151_0151.jpg 1 41 342 151 151
0099_0098_0177_0169_0169.jpg 1 98 177 169 169
0100_0014_0110_0112_0112.jpg 1 14 110 112 112
0101_0172_0225_0201_0201.jpg 1 172 225 201 201
0102_0062_0249_0197_0197.jpg 1 62 249 197 197
0103_0038_0037_0121_0121.jpg 1 38 37 121 121
0104_0287_0121_0289_0289.jpg 1 287 121 289 289
0105_0041_0128_0095_0095.jpg 1 41 128 95 95
0106_0111_0100_0089_0089.jpg 1 111 100 89 89
0107_0308_0211_0081_0081.jpg 1 308 211 81 81
0108_0178_0079_0110_0110.jpg 1 178 79 110 110
0109_0290_0195_0236_0236.jpg 1 290 195 236 236
0110_0372_0126_0108_0108.jpg 1 372 126 108 108
0111_0071_0139_0066_0066.jpg 1 71 139 66 66
0112_0091_0121_0309_0309.jpg 1 91 121 309 309
0113_0013_0110_0096_0096.jpg 1 13 110 96 96
0114_0070_0164_0221_0221.jpg 1 70 164 221 221
0115_0384_0188_0120_0120.jpg 1 384 188 120 120
0116_0213_0176_0183_0183.jpg 1 213 176 183 183
0117_0263_0184_0179_0179.jpg 1 263 184 179 179
0118_0063_0132_0131_0131.jpg 1 63 132 131 131
0119_0036_0114_0107_0107.jpg 1 36 114 107 107
0120_0234_0198_0155_0155.jpg 1 234 198 155 155
0121_0078_0183_0186_0186.jpg 1 78 183 186 186
0122_0114_0063_0323_0323.jpg 1 114 63 323 323
0123_0065_0242_0161_0161.jpg 1 65 242 161 161
0124_0093_0472_0081_0081.jpg 1 93 472 81 81
0125_0088_0069_0049_0049.jpg 1 88 69 49 49
0126_0227_0135_0236_0236.jpg 1 227 135 236 236
0127_0252_0052_0203_0203.jpg 1 252 52 203 203
0128_0337_0162_0088_0088.jpg 1 337 162 88 88
