0001_0058_0024_0120_0120.jpg 1 58 24 120 120
0002_0084_0103_0103_0103.jpg 1 84 103 103 103
0003_0131_0104_0075_0075.jpg 1 131 104 75 75
0004_0023_0063_0069_0069.jpg 1 23 63 69 69
0005_0213_0355_0224_0224.jpg 1 213 355 224 224
0006_0140_0035_0115_0115.jpg 1 140 35 115 115
0007_0077_0044_0249_0249.jpg 1 77 44 249 249
0008_0091_0043_0083_0083.jpg 1 91 43 83 83
0009_0044_0144_0070_0070.jpg 1 44 144 70 70
0010_0078_0081_0116_0116.jpg 1 78 81 116 116
0011_0370_0066_0082_0082.jpg 1 370 66 82 82
0012_0173_0234_0110_0110.jpg 1 173 234 110 110
0013_0085_0075_0069_0069.jpg 1 85 75 69 69
0014_0062_0037_0079_0079.jpg 1 62 37 79 79
0015_0169_0106_0114_0114.jpg 1 169 106 114 114
0016_0175_0022_0071_0071.jpg 1 175 22 71 71
0017_0110_0019_0102_0102.jpg 1 110 19 102 102
0018_0210_0108_0081_0081.jpg 1 210 108 81 81
0019_0082_0050_0069_0069.jpg 1 82 50 69 69
0020_0147_0073_0313_0313.jpg 1 147 73 313 313
0021_0047_0090_0048_0048.jpg 1 47 90 48 48
0022_0212_0026_0334_0334.jpg 1 212 26 334 334
0023_0018_0062_0116_0116.jpg 1 18 62 116 116
0024_0138_0223_0203_0203.jpg 1 138 223 203 203
0025_0338_0083_0228_0228.jpg 1 338 83 228 228
0026_0053_0039_0055_0055.jpg 1 53 39 55 55
0027_0077_0035_0079_0079.jpg 1 77 35 79 79
0028_0073_0055_0097_0097.jpg 1 73 55 97 97
0029_0406_0136_0054_0054.jpg 1 406 136 54 54
0030_0044_0080_0115_0115.jpg 1 44 80 115 115
0031_0481_0168_0068_0068.jpg 1 481 168 68 68
0032_0313_0124_0258_0258.jpg 1 313 124 258 258
0033_0189_0180_0267_0267.jpg 1 189 180 267 267
0034_0254_0112_0324_0324.jpg 1 254 112 324 324
0035_0032_0027_0123_0123.jpg 1 32 27 123 123
0036_0186_0070_0150_0150.jpg 1 186 70 150 150
0037_0086_0101_0067_0067.jpg 1 86 101 67 67
0038_0091_0140_0157_0157.jpg 1 91 140 157 157
0039_0042_0026_0126_0126.jpg 1 42 26 126 126
0040_0027_0087_0099_0099.jpg 1 27 87 99 99
0041_0032_0120_0052_0052.jpg 1 32 120 52 52
0042_0268_0179_0262_0262.jpg 1 268 179 262 262
0043_0355_0203_0107_0107.jpg 1 355 203 107 107
0044_0367_0102_0088_0088.jpg 1 367 102 88 88
0045_0043_0158_0335_0335.jpg 1 43 158 335 335
0046_0120_0237_0310_0310.jpg 1 120 237 310 310
0047_0023_0025_0106_0106.jpg 1 23 25 106 106
0048_0095_0187_0235_0235.jpg 1 95 187 235 235
0049_0128_0018_0332_0332.jpg 1 128 18 332 332
0050_0061_0115_0054_0054.jpg 1 61 115 54 54
0051_0123_0026_0104_0104.jpg 1 123 26 104 104
0052_0056_0072_0289_0289.jpg 1 56 72 289 289
0053_0192_0101_0053_0053.jpg 1 192 101 53 53
0054_0169_0251_0050_0050.jpg 1 169 251 50 50
0055_0039_0015_0146_0146.jpg 1 39 15 146 146
0056_0191_0128_0054_0054.jpg 1 191 128 54 54
0057_0456_0285_0106_0106.jpg 1 456 285 106 106
0058_0213_0042_0316_0316.jpg 1 213 42 316 316
0059_0054_0035_0068_0068.jpg 1 54 35 68 68
0060_0307_0121_0126_0126.jpg 1 307 121 126 126
0061_0145_0205_0145_0145.jpg 1 145 205 145 145
0062_0139_0050_0074_0074.jpg 1 139 50 74 74
0063_0016_0074_0107_0107.jpg 1 16 74 107 107
0064_0394_0330_0078_0078.jpg 1 394 330 78 78
0065_0089_0125_0066_0066.jpg 1 89 125 66 66
0066_0078_0275_0289_0289.jpg 1 78 275 289 289
0067_0056_0089_0049_0049.jpg 1 56 89 49 49
0068_0202_0099_0088_0088.jpg 1 202 99 88 88
0069_0377_0028_0206_0206.jpg 1 377 28 206 206
0070_0318_0094_0057_0057.jpg 1 318 94 57 57
0071_0212_0057_0291_0291.jpg 1 212 57 291 291
0072_0071_0030_0092_0092.jpg 1 71 30 92 92
0073_0286_0072_0177_0177.jpg 1 286 72 177 177
0074_0061_0049_0169_0169.jpg 1 61 49 169 169
0075_0331_0126_0124_0124.jpg 1 331 126 124 124
0076_0043_0099_0062_0062.jpg 1 43 99 62 62
0077_0010_0052_0146_0146.jpg 1 10 52 146 146
0078_0116_0059_0095_0095.jpg 1 116 59 95 95
0079_0253_0081_0141_0141.jpg 1 253 81 141 141
0080_0034_0146_0208_0208.jpg 1 34 146 208 208
0081_0368_0103_0091_0091.jpg 1 368 103 91 91
0082_0458_0342_0096_0096.jpg 1 458 342 96 96
0083_0075_0123_0101_0101.jpg 1 75 123 101 101
0084_0037_0060_0167_0167.jpg 1 37 60 167 167
0085_0190_0128_0266_0266.jpg 1 190 128 266 266
0086_0040_0044_0141_0141.jpg 1 40 44 141 141
0087_0157_0026_0139_0139.jpg 1 157 26 139 139
0088_0081_0218_0221_0221.jpg 1 81 218 221 221
0089_0095_0116_0071_0071.jpg 1 95 116 71 71
0090_0191_0110_0302_0302.jpg 1 191 110 302 302
0091_0097_0115_0083_0083.jpg 1 97 115 83 83
0092_0034_0090_0104_0104.jpg 1 34 90 104 104
0093_0142_0387_0060_0060.jpg 1 142 387 60 60
0094_0351_0182_0108_0108.jpg 1 351 182 108 108
0095_0285_0199_0079_0079.jpg 1 285 199 79 79
0096_0167_0106_0110_0110.jpg 1 167 106 110 110
0097_0123_0017_0313_0313.jpg 1 123 17 313 313
0098_0032_0098_0110_0110.jpg 1 32 98 110 110
0099_0296_0091_0146_0146.jpg 1 296 91 146 146
0100_0090_0060_0079_0079.jpg 1 90 60 79 79
0101_0042_0040_0077_0077.jpg 1 42 40 77 77
0102_0128_0051_0149_0149.jpg 1 128 51 149 149
0103_0302_0121_0096_0096.jpg 1 302 121 96 96
0104_0160_0040_0196_0196.jpg 1 160 40 196 196
0105_0061_0156_0137_0137.jpg 1 61 156 137 137
0106_0209_0208_0152_0152.jpg 1 209 208 152 152
0107_0190_0116_0086_0086.jpg 1 190 116 86 86
0108_0033_0088_0062_0062.jpg 1 33 88 62 62
0109_0230_0100_0266_0266.jpg 1 230 100 266 266
0110_0065_0095_0127_0127.jpg 1 65 95 127 127
0111_0217_0168_0235_0235.jpg 1 217 168 235 235
0112_0026_0126_0062_0062.jpg 1 26 126 62 62
0113_0134_0241_0267_0267.jpg 1 134 241 267 267
0114_0103_0022_0082_0082.jpg 1 103 22 82 82
0115_0307_0292_0114_0114.jpg 1 307 292 114 114
0116_0189_0072_0076_0076.jpg 1 189 72 76 76
0117_0033_0150_0063_0063.jpg 1 33 150 63 63
0118_0285_0196_0131_0131.jpg 1 285 196 131 131
0119_0288_0070_0233_0233.jpg 1 288 70 233 233
0120_0123_0061_0056_0056.jpg 1 123 61 56 56
0121_0153_0047_0129_0129.jpg 1 153 47 129 129
0122_0029_0019_0127_0127.jpg 1 29 19 127 127
0123_0302_0168_0132_0132.jpg 1 302 168 132 132
0124_0060_0058_0052_0052.jpg 1 60 58 52 52
0125_0375_0079_0109_0109.jpg 1 375 79 109 109
0126_0353_0054_0130_0130.jpg 1 353 54 130 130
0127_0046_0041_0093_0093.jpg 1 46 41 93 93
0128_0188_0323_0137_0137.jpg 1 188 323 137 137
