0001_0106_0299_0109_0109.jpg 1 106 299 109 109
0002_0152_0109_0068_0068.jpg 1 152 109 68 68
0003_0227_0118_0162_0162.jpg 1 227 118 162 162
0004_0381_0264_0165_0165.jpg 1 381 264 165 165
0005_0032_0134_0068_0068.jpg 1 32 134 68 68
0006_0099_0015_0163_0163.jpg 1 99 15 163 163
0007_0367_0110_0197_0197.jpg 1 367 110 197 197
0008_0249_0135_0326_0326.jpg 1 249 135 326 326
0009_0174_0158_0110_0110.jpg 1 174 158 110 110
0010_0021_0147_0049_0049.jpg 1 21 147 49 49
0011_0231_0070_0334_0334.jpg 1 231 70 334 334
0012_0325_0172_0065_0065.jpg 1 325 172 65 65
0013_0344_0056_0072_0072.jpg 1 344 56 72 72
0014_0147_0040_0056_0056.jpg 1 147 40 56 56
0015_0275_0243_0118_0118.jpg 1 275 243 118 118
0016_0124_0287_0127_0127.jpg 1 124 287 127 127
0017_0210_0139_0304_0304.jpg 1 210 139 304 304
0018_0038_0067_0147_0147.jpg 1 38 67 147 147
0019_0051_0102_0334_0334.jpg 1 51 102 334 334
0020_0223_0099_0243_0243.jpg 1 223 99 243 243
0021_0343_0140_0059_0059.jpg 1 343 140 59 59
0022_0036_0011_0160_0160.jpg 1 36 11 160 160
0023_0238_0182_0168_0168.jpg 1 238 182 168 168
0024_0249_0077_0329_0329.jpg 1 249 77 329 329
0025_0239_0220_0152_0152.jpg 1 239 220 152 152
0026_0290_0088_0049_0049.jpg 1 290 88 49 49
0027_0219_0283_0128_0128.jpg 1 219 283 128 128
0028_0337_0093_0108_0108.jpg 1 337 93 108 108
0029_0069_0085_0199_0199.jpg 1 69 85 199 199
0030_0384_0093_0140_0140.jpg 1 384 93 140 140
0031_0063_0056_0064_0064.jpg 1 63 56 64 64
0032_0028_0064_0136_0136.jpg 1 28 64 136 136
0033_0202_0104_0075_0075.jpg 1 202 104 75 75
0034_0025_0053_0122_0122.jpg 1 25 53 122 122
0035_0045_0014_0156_0156.jpg 1 45 14 156 156
0036_0459_0177_0106_0106.jpg 1 459 177 106 106
0037_0075_0018_0326_0326.jpg 1 75 18 326 326
0038_0218_0030_0259_0259.jpg 1 218 30 259 259
0039_0412_0274_0105_0105.jpg 1 412 274 105 105
0040_0136_0021_0076_0076.jpg 1 136 21 76 76
0041_0033_0066_0110_0110.jpg 1 33 66 110 110
0042_0179_0034_0144_0144.jpg 1 179 34 144 144
0043_0090_0064_0063_0063.jpg 1 90 64 63 63
0044_0141_0151_0066_0066.jpg 1 141 151 66 66
0045_0022_0153_0067_0067.jpg 1 22 153 67 67
0046_0250_0153_0291_0291.jpg 1 250 153 291 291
0047_0230_0049_0251_0251.jpg 1 230 49 251 251
0048_0129_0185_0112_0112.jpg 1 129 185 112 112
0049_0384_0125_0152_0152.jpg 1 384 125 152 152
0050_0052_0128_0050_0050.jpg 1 52 128 50 50
0051_0084_0282_0262_0262.jpg 1 84 282 262 262
0052_0190_0098_0076_0076.jpg 1 190 98 76 76
0053_0345_0199_0153_0153.jpg 1 345 199 153 153
0054_0139_0166_0252_0252.jpg 1 139 166 252 252
0055_0132_0047_0069_0069.jpg 1 132 47 69 69
0056_0070_0184_0137_0137.jpg 1 70 184 137 137
0057_0064_0057_0115_0115.jpg 1 64 57 115 115
0058_0024_0014_0145_0145.jpg 1 24 14 145 145
0059_0056_0108_0282_0282.jpg 1 56 108 282 282
0060_0072_0078_0140_0140.jpg 1 72 78 140 140
0061_0120_0041_0066_0066.jpg 1 120 41 66 66
0062_0027_0154_0287_0287.jpg 1 27 154 287 287
0063_0166_0031_0074_0074.jpg 1 166 31 74 74
0064_0067_0016_0158_0158.jpg 1 67 16 158 158
0065_0190_0429_0162_0162.jpg 1 190 429 162 162
0066_0146_0060_0072_0072.jpg 1 146 60 72 72
0067_0051_0093_0065_0065.jpg 1 51 93 65 65
0068_0443_0244_0108_0108.jpg 1 443 244 108 108
0069_0142_0146_0244_0244.jpg 1 142 146 244 244
0070_0057_0019_0123_0123.jpg 1 57 19 123 123
0071_0213_0166_0251_0251.jpg 1 213 166 251 251
0072_0005_0099_0102_0102.jpg 1 5 99 102 102
0073_0116_0082_0055_0055.jpg 1 116 82 55 55
0074_0019_0083_0129_0129.jpg 1 19 83 129 129
0075_0053_0088_0076_0076.jpg 1 53 88 76 76
0076_0014_0071_0064_0064.jpg 1 14 71 64 64
0077_0098_0116_0060_0060.jpg 1 98 116 60 60
0078_0032_0055_0155_0155.jpg 1 32 55 155 155
0079_0098_0314_0054_0054.jpg 1 98 314 54 54
0080_0096_0023_0110_0110.jpg 1 96 23 110 110
0081_0073_0189_0141_0141.jpg 1 73 189 141 141
0082_0145_0448_0118_0118.jpg 1 145 448 118 118
0083_0354_0168_0173_0173.jpg 1 354 168 173 173
0084_0110_0046_0304_0304.jpg 1 110 46 304 304
0085_0128_0070_0129_0129.jpg 1 128 70 129 129
0086_0070_0095_0084_0084.jpg 1 70 95 84 84
0087_0099_0118_0176_0176.jpg 1 99 118 176 176
0088_0039_0068_0287_0287.jpg 1 39 68 287 287
0089_0070_0343_0079_0079.jpg 1 70 343 79 79
0090_0321_0055_0253_0253.jpg 1 321 55 253 253
0091_0068_0166_0062_0062.jpg 1 68 166 62 62
0092_0034_0042_0130_0130.jpg 1 34 42 130 130
0093_0314_0059_0269_0269.jpg 1 314 59 269 269
0094_0170_0084_0070_0070.jpg 1 170 84 70 70
0095_0149_0061_0067_0067.jpg 1 149 61 67 67
0096_0025_0055_0125_0125.jpg 1 25 55 125 125
0097_0175_0182_0270_0270.jpg 1 175 182 270 270
0098_0324_0062_0221_0221.jpg 1 324 62 221 221
0099_0055_0055_0145_0145.jpg 1 55 55 145 145
0100_0277_0192_0134_0134.jpg 1 277 192 134 134
0101_0022_0113_0048_0048.jpg 1 22 113 48 48
0102_0346_0312_0119_0119.jpg 1 346 312 119 119
0103_0162_0054_0121_0121.jpg 1 162 54 121 121
0104_0025_0021_0154_0154.jpg 1 25 21 154 154
0105_0058_0057_0151_0151.jpg 1 58 57 151 151
0106_0287_0417_0144_0144.jpg 1 287 417 144 144
0107_0072_0026_0298_0298.jpg 1 72 26 298 298
0108_0200_0242_0191_0191.jpg 1 200 242 191 191
0109_0079_0067_0146_0146.jpg 1 79 67 146 146
0110_0126_0015_0295_0295.jpg 1 126 15 295 295
0111_0153_0103_0095_0095.jpg 1 153 103 95 95
0112_0266_0183_0100_0100.jpg 1 266 183 100 100
0113_0059_0020_0283_0283.jpg 1 59 20 283 283
0114_0098_0138_0051_0051.jpg 1 98 138 51 51
0115_0062_0069_0287_0287.jpg 1 62 69 287 287
0116_0152_0195_0207_0207.jpg 1 152 195 207 207
0117_0020_0106_0103_0103.jpg 1 20 106 103 103
0118_0296_0153_0199_0199.jpg 1 296 153 199 199
0119_0304_0103_0248_0248.jpg 1 304 103 248 248
0120_0238_0033_0333_0333.jpg 1 238 33 333 333
0121_0064_0051_0143_0143.jpg 1 64 51 143 143
0122_0101_0109_0083_0083.jpg 1 101 109 83 83
0123_0097_0267_0082_0082.jpg 1 97 267 82 82
0124_0057_0025_0068_0068.jpg 1 57 25 68 68
0125_0027_0019_0145_0145.jpg 1 27 19 145 145
0126_0080_0073_0090_0090.jpg 1 80 73 90 90
0127_0177_0140_0226_0226.jpg 1 177 140 226 226
0128_0114_0024_0149_0149.jpg 1 114 24 149 149
