0001_0045_0064_0103_0103.jpg 1 45 64 103 103
0002_0141_0272_0259_0259.jpg 1 141 272 259 259
0003_0078_0051_0114_0114.jpg 1 78 51 114 114
0004_0077_0048_0247_0247.jpg 1 77 48 247 247
0005_0099_0068_0145_0145.jpg 1 99 68 145 145
0006_0149_0094_0247_0247.jpg 1 149 94 247 247
0007_0044_0121_0080_0080.jpg 1 44 121 80 80
0008_0081_0018_0127_0127.jpg 1 81 18 127 127
0009_0152_0174_0254_0254.jpg 1 152 174 254 254
0010_0102_0071_0258_0258.jpg 1 102 71 258 258
0011_0052_0077_0089_0089.jpg 1 52 77 89 89
0012_0216_0084_0317_0317.jpg 1 216 84 317 317
0013_0050_0034_0093_0093.jpg 1 50 34 93 93
0014_0168_0087_0097_0097.jpg 1 168 87 97 97
0015_0155_0087_0083_0083.jpg 1 155 87 83 83
0016_0137_0122_0065_0065.jpg 1 137 122 65 65
0017_0129_0025_0097_0097.jpg 1 129 25 97 97
0018_0129_0068_0050_0050.jpg 1 129 68 50 50
0019_0365_0286_0128_0128.jpg 1 365 286 128 128
0020_0077_0058_0239_0239.jpg 1 77 58 239 239
0021_0118_0040_0153_0153.jpg 1 118 40 153 153
0022_0328_0126_0131_0131.jpg 1 328 126 131 131
0023_0042_0066_0065_0065.jpg 1 42 66 65 65
0024_0061_0179_0158_0158.jpg 1 61 179 158 158
0025_0188_0081_0051_0051.jpg 1 188 81 51 51
0026_0108_0053_0101_0101.jpg 1 108 53 101 101
0027_0084_0309_0269_0269.jpg 1 84 309 269 269
0028_0118_0170_0191_0191.jpg 1 118 170 191 191
0029_0145_0071_0115_0115.jpg 1 145 71 115 115
0030_0172_0054_0203_0203.jpg 1 172 54 203 203
0031_0208_0137_0236_0236.jpg 1 208 137 236 236
0032_0023_0148_0073_0073.jpg 1 23 148 73 73
0033_0119_0053_0330_0330.jpg 1 119 53 330 330
0034_0079_0126_0267_0267.jpg 1 79 126 267 267
0035_0455_0323_0063_0063.jpg 1 455 323 63 63
0036_0039_0061_0115_0115.jpg 1 39 61 115 115
0037_0158_0369_0055_0055.jpg 1 158 369 55 55
0038_0043_0097_0074_0074.jpg 1 43 97 74 74
0039_0114_0034_0105_0105.jpg 1 114 34 105 105
0040_0046_0032_0081_0081.jpg 1 46 32 81 81
0041_0347_0089_0059_0059.jpg 1 347 89 59 59
0042_0202_0046_0229_0229.jpg 1 202 46 229 229
0043_0062_0019_0146_0146.jpg 1 62 19 146 146
0044_0150_0077_0211_0211.jpg 1 150 77 211 211
0045_0205_0093_0240_0240.jpg 1 205 93 240 240
0046_0112_0021_0048_0048.jpg 1 112 21 48 48
0047_0088_0053_0083_0083.jpg 1 88 53 83 83
0048_0221_0251_0199_0199.jpg 1 221 251 199 199
0049_0071_0034_0236_0236.jpg 1 71 34 236 236
0050_0064_0333_0083_0083.jpg 1 64 333 83 83
0051_0272_0148_0157_0157.jpg 1 272 148 157 157
0052_0076_0055_0099_0099.jpg 1 76 55 99 99
0053_0144_0147_0052_0052.jpg 1 144 147 52 52
0054_0057_0116_0095_0095.jpg 1 57 116 95 95
0055_0088_0026_0113_0113.jpg 1 88 26 113 113
0056_0182_0038_0291_0291.jpg 1 182 38 291 291
0057_0197_0096_0287_0287.jpg 1 197 96 287 287
0058_0197_0119_0309_0309.jpg 1 197 119 309 309
0059_0135_0021_0332_0332.jpg 1 135 21 332 332
0060_0071_0057_0240_0240.jpg 1 71 57 240 240
0061_0186_0048_0100_0100.jpg 1 186 48 100 100
0062_0193_0042_0095_0095.jpg 1 193 42 95 95
0063_0155_0045_0148_0148.jpg 1 155 45 148 148
0064_0246_0120_0129_0129.jpg 1 246 120 129 129
0065_0047_0220_0328_0328.jpg 1 47 220 328 328
0066_0121_0059_0081_0081.jpg 1 121 59 81 81
0067_0045_0091_0093_0093.jpg 1 45 91 93 93
0068_0056_0117_0095_0095.jpg 1 56 117 95 95
0069_0106_0050_0122_0122.jpg 1 106 50 122 122
0070_0056_0093_0072_0072.jpg 1 56 93 72 72
0071_0350_0124_0123_0123.jpg 1 350 124 123 123
0072_0079_0109_0313_0313.jpg 1 79 109 313 313
0073_0313_0214_0123_0123.jpg 1 313 214 123 123
0074_0097_0116_0318_0318.jpg 1 97 116 318 318
0075_0069_0047_0234_0234.jpg 1 69 47 234 234
0076_0222_0042_0069_0069.jpg 1 222 42 69 69
0077_0036_0043_0114_0114.jpg 1 36 43 114 114
0078_0136_0113_0292_0292.jpg 1 136 113 292 292
0079_0107_0047_0148_0148.jpg 1 107 47 148 148
0080_0072_0081_0061_0061.jpg 1 72 81 61 61
0081_0245_0073_0300_0300.jpg 1 245 73 300 300
0082_0032_0020_0081_0081.jpg 1 32 20 81 81
0083_0114_0127_0250_0250.jpg 1 114 127 250 250
0084_0151_0154_0053_0053.jpg 1 151 154 53 53
0085_0214_0109_0195_0195.jpg 1 214 109 195 195
0086_0429_0274_0071_0071.jpg 1 429 274 71 71
0087_0042_0013_0163_0163.jpg 1 42 13 163 163
0088_0175_0086_0249_0249.jpg 1 175 86 249 249
0089_0047_0158_0060_0060.jpg 1 47 158 60 60
0090_0071_0035_0113_0113.jpg 1 71 35 113 113
0091_0094_0069_0089_0089.jpg 1 94 69 89 89
0092_0264_0042_0200_0200.jpg 1 264 42 200 200
0093_0128_0128_0048_0048.jpg 1 128 128 48 48
0094_0091_0372_0192_0192.jpg 1 91 372 192 192
0095_0112_0025_0148_0148.jpg 1 112 25 148 148
0096_0024_0063_0114_0114.jpg 1 24 63 114 114
0097_0504_0057_0066_0066.jpg 1 504 57 66 66
0098_0347_0092_0053_0053.jpg 1 347 92 53 53
0099_0029_0058_0053_0053.jpg 1 29 58 53 53
0100_0075_0101_0048_0048.jpg 1 75 101 48 48
0101_0443_0101_0056_0056.jpg 1 443 101 56 56
0102_0301_0061_0245_0245.jpg 1 301 61 245 245
0103_0014_0054_0082_0082.jpg 1 14 54 82 82
0104_0043_0035_0163_0163.jpg 1 43 35 163 163
0105_0386_0105_0208_0208.jpg 1 386 105 208 208
0106_0070_0291_0063_0063.jpg 1 70 291 63 63
0107_0107_0089_0278_0278.jpg 1 107 89 278 278
0108_0303_0136_0245_0245.jpg 1 303 136 245 245
0109_0230_0339_0050_0050.jpg 1 230 339 50 50
0110_0054_0267_0159_0159.jpg 1 54 267 159 159
0111_0047_0065_0051_0051.jpg 1 47 65 51 51
0112_0442_0040_0114_0114.jpg 1 442 40 114 114
0113_0071_0027_0212_0212.jpg 1 71 27 212 212
0114_0104_0008_0145_0145.jpg 1 104 8 145 145
0115_0138_0021_0141_0141.jpg 1 138 21 141 141
0116_0371_0095_0193_0193.jpg 1 371 95 193 193
0117_0188_0105_0094_0094.jpg 1 188 105 94 94
0118_0134_0053_0201_0201.jpg 1 134 53 201 201
0119_0322_0317_0105_0105.jpg 1 322 317 105 105
0120_0035_0037_0071_0071.jpg 1 35 37 71 71
0121_0222_0267_0054_0054.jpg 1 222 267 54 54
0122_0105_0077_0140_0140.jpg 1 105 77 140 140
0123_0319_0076_0139_0139.jpg 1 319 76 139 139
0124_0182_0201_0193_0193.jpg 1 182 201 193 193
0125_0136_0073_0081_0081.jpg 1 136 73 81 81
0126_0045_0064_0152_0152.jpg 1 45 64 152 152
0127_0015_0124_0050_0050.jpg 1 15 124 50 50
0128_0186_0268_0162_0162.jpg 1 186 268 162 162
