0001_0030_0051_0076_0076.jpg 1 30 51 76 76
0002_0063_0110_0085_0085.jpg 1 63 110 85 85
0003_0024_0043_0092_0092.jpg 1 24 43 92 92
0004_0201_0171_0272_0272.jpg 1 201 171 272 272
0005_0412_0116_0088_0088.jpg 1 412 116 88 88
0006_0217_0073_0207_0207.jpg 1 217 73 207 207
0007_0232_0390_0054_0054.jpg 1 232 390 54 54
0008_0238_0044_0263_0263.jpg 1 238 44 263 263
0009_0261_0117_0262_0262.jpg 1 261 117 262 262
0010_0085_0048_0081_0081.jpg 1 85 48 81 81
0011_0007_0118_0098_0098.jpg 1 7 118 98 98
0012_0262_0053_0137_0137.jpg 1 262 53 137 137
0013_0153_0164_0050_0050.jpg 1 153 164 50 50
0014_0051_0031_0096_0096.jpg 1 51 31 96 96
0015_0257_0209_0210_0210.jpg 1 257 209 210 210
0016_0250_0184_0129_0129.jpg 1 250 184 129 129
0017_0205_0077_0073_0073.jpg 1 205 77 73 73
0018_0011_0043_0110_0110.jpg 1 11 43 110 110
0019_0115_0099_0072_0072.jpg 1 115 99 72 72
0020_0358_0147_0207_0207.jpg 1 358 147 207 207
0021_0221_0055_0328_0328.jpg 1 221 55 328 328
0022_0069_0075_0098_0098.jpg 1 69 75 98 98
0023_0451_0205_0049_0049.jpg 1 451 205 49 49
0024_0013_0078_0057_0057.jpg 1 13 78 57 57
0025_0159_0283_0096_0096.jpg 1 159 283 96 96
0026_0211_0091_0050_0050.jpg 1 211 91 50 50
0027_0196_0052_0073_0073.jpg 1 196 52 73 73
0028_0067_0126_0239_0239.jpg 1 67 126 239 239
0029_0359_0293_0144_0144.jpg 1 359 293 144 144
0030_0115_0156_0203_0203.jpg 1 115 156 203 203
0031_0127_0035_0131_0131.jpg 1 127 35 131 131
0032_0220_0096_0160_0160.jpg 1 220 96 160 160
0033_0097_0121_0272_0272.jpg 1 97 121 272 272
0034_0196_0094_0092_0092.jpg 1 196 94 92 92
0035_0184_0165_0136_0136.jpg 1 184 165 136 136
0036_0109_0048_0101_0101.jpg 1 109 48 101 101
0037_0067_0039_0048_0048.jpg 1 67 39 48 48
0038_0042_0120_0306_0306.jpg 1 42 120 306 306
0039_0023_0048_0131_0131.jpg 1 23 48 131 131
0040_0027_0060_0096_0096.jpg 1 27 60 96 96
0041_0098_0107_0324_0324.jpg 1 98 107 324 324
0042_0316_0050_0214_0214.jpg 1 316 50 214 214
0043_0205_0026_0079_0079.jpg 1 205 26 79 79
0044_0060_0094_0201_0201.jpg 1 60 94 201 201
0045_0028_0056_0084_0084.jpg 1 28 56 84 84
0046_0113_0026_0069_0069.jpg 1 113 26 69 69
0047_0160_0117_0079_0079.jpg 1 160 117 79 79
0048_0279_0046_0301_0301.jpg 1 279 46 301 301
0049_0249_0074_0315_0315.jpg 1 249 74 315 315
0050_0180_0192_0086_0086.jpg 1 180 192 86 86
0051_0156_0152_0131_0131.jpg 1 156 152 131 131
0052_0067_0116_0068_0068.jpg 1 67 116 68 68
0053_0143_0020_0132_0132.jpg 1 143 20 132 132
0054_0242_0256_0144_0144.jpg 1 242 256 144 144
0055_0285_0044_0247_0247.jpg 1 285 44 247 247
0056_0123_0028_0094_0094.jpg 1 123 28 94 94
0057_0233_0088_0233_0233.jpg 1 233 88 233 233
0058_0365_0112_0226_0226.jpg 1 365 112 226 226
0059_0127_0200_0257_0257.jpg 1 127 200 257 257
0060_0025_0115_0324_0324.jpg 1 25 115 324 324
0061_0220_0032_0072_0072.jpg 1 220 32 72 72
0062_0056_0064_0114_0114.jpg 1 56 64 114 114
0063_0459_0110_0055_0055.jpg 1 459 110 55 55
0064_0076_0041_0102_0102.jpg 1 76 41 102 102
0065_0170_0200_0289_0289.jpg 1 170 200 289 289
0066_0214_0024_0049_0049.jpg 1 214 24 49 49
0067_0162_0078_0113_0113.jpg 1 162 78 113 113
0068_0219_0227_0139_0139.jpg 1 219 227 139 139
0069_0221_0133_0303_0303.jpg 1 221 133 303 303
0070_0092_0093_0120_0120.jpg 1 92 93 120 120
0071_0153_0122_0076_0076.jpg 1 153 122 76 76
0072_0138_0052_0244_0244.jpg 1 138 52 244 244
0073_0044_0092_0136_0136.jpg 1 44 92 136 136
0074_0046_0120_0327_0327.jpg 1 46 120 327 327
0075_0045_0086_0136_0136.jpg 1 45 86 136 136
0076_0054_0020_0317_0317.jpg 1 54 20 317 317
0077_0293_0172_0271_0271.jpg 1 293 172 271 271
0078_0090_0016_0129_0129.jpg 1 90 16 129 129
0079_0256_0316_0089_0089.jpg 1 256 316 89 89
0080_0123_0038_0157_0157.jpg 1 123 38 157 157
0081_0147_0444_0107_0107.jpg 1 147 444 107 107
0082_0211_0054_0059_0059.jpg 1 211 54 59 59
0083_0042_0089_0074_0074.jpg 1 42 89 74 74
0084_0032_0098_0091_0091.jpg 1 32 98 91 91
0085_0321_0201_0256_0256.jpg 1 321 201 256 256
0086_0207_0237_0215_0215.jpg 1 207 237 215 215
0087_0315_0029_0240_0240.jpg 1 315 29 240 240
0088_0018_0018_0129_0129.jpg 1 18 18 129 129
0089_0051_0104_0059_0059.jpg 1 51 104 59 59
0090_0060_0015_0154_0154.jpg 1 60 15 154 154
0091_0093_0062_0091_0091.jpg 1 93 62 91 91
0092_0298_0141_0255_0255.jpg 1 298 141 255 255
0093_0224_0082_0118_0118.jpg 1 224 82 118 118
0094_0320_0252_0076_0076.jpg 1 320 252 76 76
0095_0181_0099_0177_0177.jpg 1 181 99 177 177
0096_0081_0034_0142_0142.jpg 1 81 34 142 142
0097_0072_0162_0186_0186.jpg 1 72 162 186 186
0098_0117_0087_0062_0062.jpg 1 117 87 62 62
0099_0021_0058_0111_0111.jpg 1 21 58 111 111
0100_0038_0077_0129_0129.jpg 1 38 77 129 129
0101_0064_0112_0106_0106.jpg 1 64 112 106 106
0102_0049_0105_0296_0296.jpg 1 49 105 296 296
0103_0027_0052_0078_0078.jpg 1 27 52 78 78
0104_0106_0293_0103_0103.jpg 1 106 293 103 103
0105_0177_0161_0059_0059.jpg 1 177 161 59 59
0106_0037_0045_0144_0144.jpg 1 37 45 144 144
0107_0125_0037_0085_0085.jpg 1 125 37 85 85
0108_0048_0116_0105_0105.jpg 1 48 116 105 105
0109_0225_0197_0222_0222.jpg 1 225 197 222 222
0110_0024_0176_0291_0291.jpg 1 24 176 291 291
0111_0341_0258_0086_0086.jpg 1 341 258 86 86
0112_0111_0105_0325_0325.jpg 1 111 105 325 325
0113_0175_0084_0209_0209.jpg 1 175 84 209 209
0114_0066_0070_0052_0052.jpg 1 66 70 52 52
0115_0064_0057_0150_0150.jpg 1 64 57 150 150
0116_0079_0091_0126_0126.jpg 1 79 91 126 126
0117_0469_0089_0108_0108.jpg 1 469 89 108 108
0118_0027_0099_0093_0093.jpg 1 27 99 93 93
0119_0149_0013_0144_0144.jpg 1 149 13 144 144
0120_0084_0064_0248_0248.jpg 1 84 64 248 248
0121_0181_0051_0078_0078.jpg 1 181 51 78 78
0122_0097_0256_0185_0185.jpg 1 97 256 185 185
0123_0035_0125_0092_0092.jpg 1 35 125 92 92
0124_0193_0094_0093_0093.jpg 1 193 94 93 93
0125_0098_0013_0089_0089.jpg 1 98 13 89 89
0126_0068_0051_0153_0153.jpg 1 68 51 153 153
0127_0188_0022_0264_0264.jpg 1 188 22 264 264
0128_0264_0154_0233_0233.jpg 1 264 154 233 233
