0001_0134_0163_0255_0255.jpg 1 134 163 255 255
0002_0307_0111_0104_0104.jpg 1 307 111 104 104
0003_0016_0155_0058_0058.jpg 1 16 155 58 58
0004_0281_0173_0254_0254.jpg 1 281 173 254 254
0005_0190_0247_0201_0201.jpg 1 190 247 201 201
0006_0085_0064_0183_0183.jpg 1 85 64 183 183
0007_0086_0042_0096_0096.jpg 1 86 42 96 96
0008_0346_0156_0143_0143.jpg 1 346 156 143 143
0009_0168_0123_0051_0051.jpg 1 168 123 51 51
0010_0407_0209_0164_0164.jpg 1 407 209 164 164
0011_0261_0079_0130_0130.jpg 1 261 79 130 130
0012_0117_0037_0223_0223.jpg 1 117 37 223 223
0013_0153_0063_0129_0129.jpg 1 153 63 129 129
0014_0236_0078_0319_0319.jpg 1 236 78 319 319
0015_0085_0086_0281_0281.jpg 1 85 86 281 281
0016_0118_0323_0155_0155.jpg 1 118 323 155 155
0017_0029_0149_0066_0066.jpg 1 29 149 66 66
0018_0318_0085_0072_0072.jpg 1 318 85 72 72
0019_0165_0087_0131_0131.jpg 1 165 87 131 131
0020_0045_0031_0052_0052.jpg 1 45 31 52 52
0021_0206_0032_0073_0073.jpg 1 206 32 73 73
0022_0250_0188_0257_0257.jpg 1 250 188 257 257
0023_0049_0071_0334_0334.jpg 1 49 71 334 334
0024_0091_0119_0302_0302.jpg 1 91 119 302 302
0025_0410_0135_0119_0119.jpg 1 410 135 119 119
0026_0281_0159_0285_0285.jpg 1 281 159 285 285
0027_0090_0071_0309_0309.jpg 1 90 71 309 309
0028_0102_0039_0151_0151.jpg 1 102 39 151 151
0029_0179_0081_0066_0066.jpg 1 179 81 66 66
0030_0020_0017_0164_0164.jpg 1 20 17 164 164
0031_0033_0026_0334_0334.jpg 1 33 26 334 334
0032_0109_0037_0080_0080.jpg 1 109 37 80 80
0033_0131_0125_0060_0060.jpg 1 131 125 60 60
0034_0297_0046_0140_0140.jpg 1 297 46 140 140
0035_0039_0025_0132_0132.jpg 1 39 25 132 132
0036_0142_0206_0083_0083.jpg 1 142 206 83 83
0037_0042_0027_0052_0052.jpg 1 42 27 52 52
0038_0060_0059_0123_0123.jpg 1 60 59 123 123
0039_0071_0092_0120_0120.jpg 1 71 92 120 120
0040_0165_0272_0079_0079.jpg 1 165 272 79 79
0041_0205_0049_0276_0276.jpg 1 205 49 276 276
0042_0048_0022_0103_0103.jpg 1 48 22 103 103
0043_0251_0217_0055_0055.jpg 1 251 217 55 55
0044_0066_0033_0157_0157.jpg 1 66 33 157 157
0045_0104_0111_0209_0209.jpg 1 104 111 209 209
0046_0111_0072_0079_0079.jpg 1 111 72 79 79
0047_0169_0063_0130_0130.jpg 1 169 63 130 130
0048_0091_0139_0269_0269.jpg 1 91 139 269 269
0049_0136_0126_0097_0097.jpg 1 136 126 97 97
0050_0063_0136_0060_0060.jpg 1 63 136 60 60
0051_0024_0026_0160_0160.jpg 1 24 26 160 160
0052_0167_0074_0084_0084.jpg 1 167 74 84 84
0053_0311_0107_0264_0264.jpg 1 311 107 264 264
0054_0256_0119_0273_0273.jpg 1 256 119 273 273
0055_0046_0093_0217_0217.jpg 1 46 93 217 217
0056_0076_0172_0220_0220.jpg 1 76 172 220 220
0057_0325_0317_0098_0098.jpg 1 325 317 98 98
0058_0131_0054_0053_0053.jpg 1 131 54 53 53
0059_0241_0192_0178_0178.jpg 1 241 192 178 178
0060_0073_0041_0055_0055.jpg 1 73 41 55 55
0061_0057_0025_0156_0156.jpg 1 57 25 156 156
0062_0143_0082_0328_0328.jpg 1 143 82 328 328
0063_0210_0106_0290_0290.jpg 1 210 106 290 290
0064_0167_0102_0053_0053.jpg 1 167 102 53 53
0065_0031_0086_0102_0102.jpg 1 31 86 102 102
0066_0246_0254_0160_0160.jpg 1 246 254 160 160
0067_0217_0113_0187_0187.jpg 1 217 113 187 187
0068_0081_0083_0088_0088.jpg 1 81 83 88 88
0069_0074_0054_0124_0124.jpg 1 74 54 124 124
0070_0078_0113_0165_0165.jpg 1 78 113 165 165
0071_0091_0302_0065_0065.jpg 1 91 302 65 65
0072_0219_0191_0212_0212.jpg 1 219 191 212 212
0073_0150_0211_0229_0229.jpg 1 150 211 229 229
0074_0177_0093_0133_0133.jpg 1 177 93 133 133
0075_0013_0071_0127_0127.jpg 1 13 71 127 127
0076_0041_0105_0128_0128.jpg 1 41 105 128 128
0077_0105_0291_0100_0100.jpg 1 105 291 100 100
0078_0132_0031_0099_0099.jpg 1 132 31 99 99
0079_0161_0089_0124_0124.jpg 1 161 89 124 124
0080_0137_0141_0249_0249.jpg 1 137 141 249 249
0081_0115_0072_0154_0154.jpg 1 115 72 154 154
0082_0106_0017_0104_0104.jpg 1 106 17 104 104
0083_0141_0212_0101_0101.jpg 1 141 212 101 101
0084_0168_0106_0052_0052.jpg 1 168 106 52 52
0085_0138_0074_0107_0107.jpg 1 138 74 107 107
0086_0154_0171_0258_0258.jpg 1 154 171 258 258
0087_0182_0223_0208_0208.jpg 1 182 223 208 208
0088_0361_0350_0057_0057.jpg 1 361 350 57 57
0089_0215_0153_0307_0307.jpg 1 215 153 307 307
0090_0136_0086_0105_0105.jpg 1 136 86 105 105
0091_0044_0113_0051_0051.jpg 1 44 113 51 51
0092_0203_0073_0066_0066.jpg 1 203 73 66 66
0093_0184_0061_0135_0135.jpg 1 184 61 135 135
0094_0027_0284_0297_0297.jpg 1 27 284 297 297
0095_0129_0309_0285_0285.jpg 1 129 309 285 285
0096_0111_0078_0319_0319.jpg 1 111 78 319 319
0097_0156_0028_0089_0089.jpg 1 156 28 89 89
0098_0339_0152_0080_0080.jpg 1 339 152 80 80
0099_0046_0132_0050_0050.jpg 1 46 132 50 50
0100_0360_0164_0112_0112.jpg 1 360 164 112 112
0101_0240_0127_0266_0266.jpg 1 240 127 266 266
0102_0152_0171_0247_0247.jpg 1 152 171 247 247
0103_0097_0080_0280_0280.jpg 1 97 80 280 280
0104_0300_0121_0259_0259.jpg 1 300 121 259 259
0105_0078_0123_0315_0315.jpg 1 78 123 315 315
0106_0151_0022_0134_0134.jpg 1 151 22 134 134
0107_0142_0170_0179_0179.jpg 1 142 170 179 179
0108_0454_0118_0121_0121.jpg 1 454 118 121 121
0109_0110_0119_0283_0283.jpg 1 110 119 283 283
0110_0168_0012_0114_0114.jpg 1 168 12 114 114
0111_0078_0157_0052_0052.jpg 1 78 157 52 52
0112_0008_0131_0093_0093.jpg 1 8 131 93 93
0113_0244_0130_0300_0300.jpg 1 244 130 300 300
0114_0044_0041_0136_0136.jpg 1 44 41 136 136
0115_0099_0069_0118_0118.jpg 1 99 69 118 118
0116_0069_0017_0166_0166.jpg 1 69 17 166 166
0117_0043_0067_0297_0297.jpg 1 43 67 297 297
0118_0055_0086_0052_0052.jpg 1 55 86 52 52
0119_0045_0099_0123_0123.jpg 1 45 99 123 123
0120_0067_0114_0302_0302.jpg 1 67 114 302 302
0121_0192_0148_0267_0267.jpg 1 192 148 267 267
0122_0053_0205_0207_0207.jpg 1 53 205 207 207
0123_0060_0075_0083_0083.jpg 1 60 75 83 83
0124_0194_0035_0146_0146.jpg 1 194 35 146 146
0125_0140_0054_0072_0072.jpg 1 140 54 72 72
0126_0057_0179_0064_0064.jpg 1 57 179 64 64
0127_0392_0289_0104_0104.jpg 1 392 289 104 104
0128_0043_0093_0106_0106.jpg 1 43 93 106 106
