0001_0034_0052_0152_0152.jpg 1 34 52 152 152
0002_0202_0134_0089_0089.jpg 1 202 134 89 89
0003_0038_0092_0105_0105.jpg 1 38 92 105 105
0004_0114_0029_0120_0120.jpg 1 114 29 120 120
0005_0252_0149_0255_0255.jpg 1 252 149 255 255
0006_0048_0139_0265_0265.jpg 1 48 139 265 265
0007_0150_0205_0053_0053.jpg 1 150 205 53 53
0008_0392_0269_0096_0096.jpg 1 392 269 96 96
0009_0035_0073_0087_0087.jpg 1 35 73 87 87
0010_0170_0219_0067_0067.jpg 1 170 219 67 67
0011_0033_0057_0078_0078.jpg 1 33 57 78 78
0012_0056_0098_0111_0111.jpg 1 56 98 111 111
0013_0110_0051_0082_0082.jpg 1 110 51 82 82
0014_0108_0048_0294_0294.jpg 1 108 48 294 294
0015_0246_0175_0143_0143.jpg 1 246 175 143 143
0016_0072_0188_0248_0248.jpg 1 72 188 248 248
0017_0165_0055_0115_0115.jpg 1 165 55 115 115
0018_0112_0365_0173_0173.jpg 1 112 365 173 173
0019_0050_0097_0103_0103.jpg 1 50 97 103 103
0020_0007_0096_0090_0090.jpg 1 7 96 90 90
0021_0113_0063_0144_0144.jpg 1 113 63 144 144
0022_0080_0040_0239_0239.jpg 1 80 40 239 239
0023_0177_0016_0070_0070.jpg 1 177 16 70 70
0024_0224_0096_0290_0290.jpg 1 224 96 290 290
0025_0096_0210_0101_0101.jpg 1 96 210 101 101
0026_0085_0038_0333_0333.jpg 1 85 38 333 333
0027_0055_0051_0140_0140.jpg 1 55 51 140 140
0028_0224_0204_0251_0251.jpg 1 224 204 251 251
0029_0059_0040_0104_0104.jpg 1 59 40 104 104
0030_0062_0016_0080_0080.jpg 1 62 16 80 80
0031_0422_0073_0109_0109.jpg 1 422 73 109 109
0032_0276_0088_0178_0178.jpg 1 276 88 178 178
0033_0175_0100_0317_0317.jpg 1 175 100 317 317
0034_0168_0150_0277_0277.jpg 1 168 150 277 277
0035_0088_0106_0067_0067.jpg 1 88 106 67 67
0036_0187_0103_0056_0056.jpg 1 187 103 56 56
0037_0068_0043_0120_0120.jpg 1 68 43 120 120
0038_0222_0213_0150_0150.jpg 1 222 213 150 150
0039_0211_0073_0151_0151.jpg 1 211 73 151 151
0040_0080_0128_0058_0058.jpg 1 80 128 58 58
0041_0106_0098_0068_0068.jpg 1 106 98 68 68
0042_0118_0070_0139_0139.jpg 1 118 70 139 139
0043_0093_0065_0160_0160.jpg 1 93 65 160 160
0044_0208_0084_0142_0142.jpg 1 208 84 142 142
0045_0134_0033_0109_0109.jpg 1 134 33 109 109
0046_0089_0053_0149_0149.jpg 1 89 53 149 149
0047_0298_0110_0217_0217.jpg 1 298 110 217 217
0048_0352_0097_0140_0140.jpg 1 352 97 140 140
0049_0056_0142_0175_0175.jpg 1 56 142 175 175
0050_0065_0025_0084_0084.jpg 1 65 25 84 84
0051_0060_0037_0159_0159.jpg 1 60 37 159 159
0052_0038_0046_0064_0064.jpg 1 38 46 64 64
0053_0128_0197_0115_0115.jpg 1 128 197 115 115
0054_0062_0064_0120_0120.jpg 1 62 64 120 120
0055_0399_0156_0062_0062.jpg 1 399 156 62 62
0056_0042_0011_0160_0160.jpg 1 42 11 160 160
0057_0268_0103_0147_0147.jpg 1 268 103 147 147
0058_0511_0246_0071_0071.jpg 1 511 246 71 71
0059_0097_0116_0062_0062.jpg 1 97 116 62 62
0060_0069_0147_0202_0202.jpg 1 69 147 202 202
0061_0056_0216_0119_0119.jpg 1 56 216 119 119
0062_0069_0053_0064_0064.jpg 1 69 53 64 64
0063_0126_0073_0156_0156.jpg 1 126 73 156 156
0064_0038_0151_0289_0289.jpg 1 38 151 289 289
0065_0140_0039_0256_0256.jpg 1 140 39 256 256
0066_0056_0147_0050_0050.jpg 1 56 147 50 50
0067_0057_0225_0165_0165.jpg 1 57 225 165 165
0068_0126_0049_0121_0121.jpg 1 126 49 121 121
0069_0302_0210_0081_0081.jpg 1 302 210 81 81
0070_0088_0131_0258_0258.jpg 1 88 131 258 258
0071_0083_0259_0154_0154.jpg 1 83 259 154 154
0072_0333_0328_0106_0106.jpg 1 333 328 106 106
0073_0044_0124_0092_0092.jpg 1 44 124 92 92
0074_0238_0431_0097_0097.jpg 1 238 431 97 97
0075_0033_0095_0131_0131.jpg 1 33 95 131 131
0076_0296_0118_0211_0211.jpg 1 296 118 211 211
0077_0306_0090_0089_0089.jpg 1 306 90 89 89
0078_0092_0093_0292_0292.jpg 1 92 93 292 292
0079_0340_0026_0248_0248.jpg 1 340 26 248 248
0080_0253_0374_0076_0076.jpg 1 253 374 76 76
0081_0048_0069_0058_0058.jpg 1 48 69 58 58
0082_0131_0008_0160_0160.jpg 1 131 8 160 160
0083_0189_0321_0139_0139.jpg 1 189 321 139 139
0084_0104_0362_0052_0052.jpg 1 104 362 52 52
0085_0075_0065_0103_0103.jpg 1 75 65 103 103
0086_0090_0041_0254_0254.jpg 1 90 41 254 254
0087_0114_0114_0055_0055.jpg 1 114 114 55 55
0088_0299_0078_0190_0190.jpg 1 299 78 190 190
0089_0122_0158_0290_0290.jpg 1 122 158 290 290
0090_0042_0059_0066_0066.jpg 1 42 59 66 66
0091_0011_0125_0093_0093.jpg 1 11 125 93 93
0092_0081_0092_0069_0069.jpg 1 81 92 69 69
0093_0080_0085_0073_0073.jpg 1 80 85 73 73
0094_0163_0021_0138_0138.jpg 1 163 21 138 138
0095_0081_0096_0213_0213.jpg 1 81 96 213 213
0096_0290_0020_0311_0311.jpg 1 290 20 311 311
0097_0198_0167_0241_0241.jpg 1 198 167 241 241
0098_0080_0072_0072_0072.jpg 1 80 72 72 72
0099_0417_0111_0170_0170.jpg 1 417 111 170 170
0100_0393_0226_0144_0144.jpg 1 393 226 144 144
0101_0268_0168_0269_0269.jpg 1 268 168 269 269
0102_0119_0119_0136_0136.jpg 1 119 119 136 136
0103_0230_0067_0238_0238.jpg 1 230 67 238 238
0104_0304_0087_0294_0294.jpg 1 304 87 294 294
0105_0217_0051_0051_0051.jpg 1 217 51 51 51
0106_0050_0218_0138_0138.jpg 1 50 218 138 138
0107_0281_0349_0054_0054.jpg 1 281 349 54 54
0108_0114_0059_0065_0065.jpg 1 114 59 65 65
0109_0134_0183_0111_0111.jpg 1 134 183 111 111
0110_0193_0057_0265_0265.jpg 1 193 57 265 265
0111_0067_0085_0053_0053.jpg 1 67 85 53 53
0112_0015_0027_0135_0135.jpg 1 15 27 135 135
0113_0026_0046_0111_0111.jpg 1 26 46 111 111
0114_0091_0034_0134_0134.jpg 1 91 34 134 134
0115_0035_0057_0333_0333.jpg 1 35 57 333 333
0116_0090_0037_0113_0113.jpg 1 90 37 113 113
0117_0097_0030_0062_0062.jpg 1 97 30 62 62
0118_0054_0136_0062_0062.jpg 1 54 136 62 62
0119_0167_0074_0178_0178.jpg 1 167 74 178 178
0120_0006_0031_0076_0076.jpg 1 6 31 76 76
0121_0124_0094_0060_0060.jpg 1 124 94 60 60
0122_0221_0059_0070_0070.jpg 1 221 59 70 70
0123_0214_0148_0176_0176.jpg 1 214 148 176 176
0124_0098_0085_0057_0057.jpg 1 98 85 57 57
0125_0017_0054_0056_0056.jpg 1 17 54 56 56
0126_0317_0110_0269_0269.jpg 1 317 110 269 269
0127_0093_0175_0082_0082.jpg 1 93 175 82 82
0128_0255_0231_0189_0189.jpg 1 255 231 189 189
