0001_0104_0075_0123_0123.jpg 1 104 75 123 123
0002_0063_0054_0114_0114.jpg 1 63 54 114 114
0003_0258_0316_0107_0107.jpg 1 258 316 107 107
0004_0037_0055_0121_0121.jpg 1 37 55 121 121
0005_0126_0053_0101_0101.jpg 1 126 53 101 101
0006_0069_0060_0111_0111.jpg 1 69 60 111 111
0007_0120_0141_0063_0063.jpg 1 120 141 63 63
0008_0171_0074_0300_0300.jpg 1 171 74 300 300
0009_0126_0154_0308_0308.jpg 1 126 154 308 308
0010_0082_0016_0080_0080.jpg 1 82 16 80 80
0011_0048_0064_0117_0117.jpg 1 48 64 117 117
0012_0049_0022_0095_0095.jpg 1 49 22 95 95
0013_0056_0363_0135_0135.jpg 1 56 363 135 135
0014_0038_0128_0319_0319.jpg 1 38 128 319 319
0015_0063_0016_0148_0148.jpg 1 63 16 148 148
0016_0070_0029_0111_0111.jpg 1 70 29 111 111
0017_0164_0048_0068_0068.jpg 1 164 48 68 68
0018_0213_0281_0192_0192.jpg 1 213 281 192 192
0019_0199_0129_0284_0284.jpg 1 199 129 284 284
0020_0021_0093_0078_0078.jpg 1 21 93 78 78
0021_0322_0043_0257_0257.jpg 1 322 43 257 257
0022_0025_0184_0286_0286.jpg 1 25 184 286 286
0023_0080_0078_0120_0120.jpg 1 80 78 120 120
0024_0064_0102_0081_0081.jpg 1 64 102 81 81
0025_0264_0343_0079_0079.jpg 1 264 343 79 79
0026_0126_0065_0322_0322.jpg 1 126 65 322 322
0027_0096_0157_0275_0275.jpg 1 96 157 275 275
0028_0038_0031_0165_0165.jpg 1 38 31 165 165
0029_0172_0212_0153_0153.jpg 1 172 212 153 153
0030_0417_0099_0153_0153.jpg 1 417 99 153 153
0031_0026_0053_0117_0117.jpg 1 26 53 117 117
0032_0049_0054_0149_0149.jpg 1 49 54 149 149
0033_0208_0127_0053_0053.jpg 1 208 127 53 53
0034_0048_0117_0060_0060.jpg 1 48 117 60 60
0035_0167_0160_0268_0268.jpg 1 167 160 268 268
0036_0037_0037_0314_0314.jpg 1 37 37 314 314
0037_0183_0101_0221_0221.jpg 1 183 101 221 221
0038_0071_0074_0077_0077.jpg 1 71 74 77 77
0039_0211_0105_0238_0238.jpg 1 211 105 238 238
0040_0449_0256_0088_0088.jpg 1 449 256 88 88
0041_0156_0139_0196_0196.jpg 1 156 139 196 196
0042_0237_0267_0068_0068.jpg 1 237 267 68 68
0043_0220_0136_0071_0071.jpg 1 220 136 71 71
0044_0152_0160_0125_0125.jpg 1 152 160 125 125
0045_0052_0118_0216_0216.jpg 1 52 118 216 216
0046_0138_0050_0098_0098.jpg 1 138 50 98 98
0047_0018_0029_0159_0159.jpg 1 18 29 159 159
0048_0248_0056_0253_0253.jpg 1 248 56 253 253
0049_0046_0059_0139_0139.jpg 1 46 59 139 139
0050_0047_0025_0149_0149.jpg 1 47 25 149 149
0051_0139_0046_0287_0287.jpg 1 139 46 287 287
0052_0285_0264_0153_0153.jpg 1 285 264 153 153
0053_0219_0275_0103_0103.jpg 1 219 275 103 103
0054_0145_0231_0144_0144.jpg 1 145 231 144 144
0055_0191_0243_0203_0203.jpg 1 191 243 203 203
0056_0141_0118_0101_0101.jpg 1 141 118 101 101
0057_0041_0099_0222_0222.jpg 1 41 99 222 222
0058_0230_0171_0131_0131.jpg 1 230 171 131 131
0059_0075_0075_0117_0117.jpg 1 75 75 117 117
0060_0411_0077_0163_0163.jpg 1 411 77 163 163
0061_0138_0099_0271_0271.jpg 1 138 99 271 271
0062_0165_0087_0124_0124.jpg 1 165 87 124 124
0063_0282_0034_0205_0205.jpg 1 282 34 205 205
0064_0279_0019_0301_0301.jpg 1 279 19 301 301
0065_0034_0055_0327_0327.jpg 1 34 55 327 327
0066_0289_0179_0159_0159.jpg 1 289 179 159 159
0067_0121_0132_0146_0146.jpg 1 121 132 146 146
0068_0088_0150_0166_0166.jpg 1 88 150 166 166
0069_0195_0088_0093_0093.jpg 1 195 88 93 93
0070_0256_0171_0264_0264.jpg 1 256 171 264 264
0071_0048_0254_0102_0102.jpg 1 48 254 102 102
0072_0094_0081_0109_0109.jpg 1 94 81 109 109
0073_0137_0242_0184_0184.jpg 1 137 242 184 184
0074_0244_0173_0061_0061.jpg 1 244 173 61 61
0075_0198_0113_0075_0075.jpg 1 198 113 75 75
0076_0386_0301_0105_0105.jpg 1 386 301 105 105
0077_0037_0116_0107_0107.jpg 1 37 116 107 107
0078_0294_0144_0224_0224.jpg 1 294 144 224 224
0079_0161_0114_0097_0097.jpg 1 161 114 97 97
0080_0040_0275_0162_0162.jpg 1 40 275 162 162
0081_0064_0139_0307_0307.jpg 1 64 139 307 307
0082_0044_0014_0149_0149.jpg 1 44 14 149 149
0083_0188_0129_0254_0254.jpg 1 188 129 254 254
0084_0147_0154_0061_0061.jpg 1 147 154 61 61
0085_0436_0233_0074_0074.jpg 1 436 233 74 74
0086_0141_0137_0068_0068.jpg 1 141 137 68 68
0087_0185_0061_0088_0088.jpg 1 185 61 88 88
0088_0071_0083_0212_0212.jpg 1 71 83 212 212
0089_0133_0053_0111_0111.jpg 1 133 53 111 111
0090_0308_0222_0098_0098.jpg 1 308 222 98 98
0091_0330_0204_0239_0239.jpg 1 330 204 239 239
0092_0322_0153_0128_0128.jpg 1 322 153 128 128
0093_0216_0211_0131_0131.jpg 1 216 211 131 131
0094_0182_0094_0057_0057.jpg 1 182 94 57 57
0095_0281_0053_0280_0280.jpg 1 281 53 280 280
0096_0108_0116_0208_0208.jpg 1 108 116 208 208
0097_0013_0076_0099_0099.jpg 1 13 76 99 99
0098_0028_0039_0146_0146.jpg 1 28 39 146 146
0099_0028_0045_0124_0124.jpg 1 28 45 124 124
0100_0216_0160_0058_0058.jpg 1 216 160 58 58
0101_0209_0018_0076_0076.jpg 1 209 18 76 76
0102_0109_0084_0189_0189.jpg 1 109 84 189 189
0103_0423_0264_0065_0065.jpg 1 423 264 65 65
0104_0075_0027_0122_0122.jpg 1 75 27 122 122
0105_0281_0240_0168_0168.jpg 1 281 240 168 168
0106_0097_0116_0213_0213.jpg 1 97 116 213 213
0107_0316_0172_0260_0260.jpg 1 316 172 260 260
0108_0124_0022_0114_0114.jpg 1 124 22 114 114
0109_0100_0058_0159_0159.jpg 1 100 58 159 159
0110_0119_0132_0061_0061.jpg 1 119 132 61 61
0111_0124_0085_0089_0089.jpg 1 124 85 89 89
0112_0029_0038_0104_0104.jpg 1 29 38 104 104
0113_0182_0029_0248_0248.jpg 1 182 29 248 248
0114_0164_0079_0264_0264.jpg 1 164 79 264 264
0115_0113_0037_0114_0114.jpg 1 113 37 114 114
0116_0121_0027_0091_0091.jpg 1 121 27 91 91
0117_0074_0104_0091_0091.jpg 1 74 104 91 91
0118_0029_0032_0137_0137.jpg 1 29 32 137 137
0119_0052_0023_0054_0054.jpg 1 52 23 54 54
0120_0035_0065_0159_0159.jpg 1 35 65 159 159
0121_0111_0070_0154_0154.jpg 1 111 70 154 154
0122_0242_0098_0157_0157.jpg 1 242 98 157 157
0123_0424_0037_0141_0141.jpg 1 424 37 141 141
0124_0057_0032_0108_0108.jpg 1 57 32 108 108
0125_0099_0058_0115_0115.jpg 1 99 58 115 115
0126_0118_0124_0054_0054.jpg 1 118 124 54 54
0127_0044_0141_0083_0083.jpg 1 44 141 83 83
0128_0111_0056_0268_0268.jpg 1 111 56 268 268
