0001_0230_0304_0059_0059.jpg 1 230 304 59 59
0002_0034_0040_0097_0097.jpg 1 34 40 97 97
0003_0185_0306_0228_0228.jpg 1 185 306 228 228
0004_0189_0063_0329_0329.jpg 1 189 63 329 329
0005_0296_0156_0255_0255.jpg 1 296 156 255 255
0006_0092_0286_0106_0106.jpg 1 92 286 106 106
0007_0167_0111_0070_0070.jpg 1 167 111 70 70
0008_0073_0034_0075_0075.jpg 1 73 34 75 75
0009_0045_0140_0210_0210.jpg 1 45 140 210 210
0010_0015_0043_0154_0154.jpg 1 15 43 154 154
0011_0061_0012_0128_0128.jpg 1 61 12 128 128
0012_0136_0036_0069_0069.jpg 1 136 36 69 69
0013_0066_0150_0057_0057.jpg 1 66 150 57 57
0014_0027_0119_0097_0097.jpg 1 27 119 97 97
0015_0020_0042_0133_0133.jpg 1 20 42 133 133
0016_0108_0164_0097_0097.jpg 1 108 164 97 97
0017_0283_0060_0282_0282.jpg 1 283 60 282 282
0018_0212_0043_0058_0058.jpg 1 212 43 58 58
0019_0122_0193_0147_0147.jpg 1 122 193 147 147
0020_0346_0245_0197_0197.jpg 1 346 245 197 197
0021_0026_0056_0065_0065.jpg 1 26 56 65 65
0022_0201_0113_0137_0137.jpg 1 201 113 137 137
0023_0445_0273_0122_0122.jpg 1 445 273 122 122
0024_0062_0057_0166_0166.jpg 1 62 57 166 166
0025_0425_0213_0053_0053.jpg 1 425 213 53 53
0026_0054_0098_0106_0106.jpg 1 54 98 106 106
0027_0068_0075_0082_0082.jpg 1 68 75 82 82
0028_0074_0248_0204_0204.jpg 1 74 248 204 204
0029_0460_0052_0090_0090.jpg 1 460 52 90 90
0030_0091_0049_0140_0140.jpg 1 91 49 140 140
0031_0149_0315_0277_0277.jpg 1 149 315 277 277
0032_0148_0128_0243_0243.jpg 1 148 128 243 243
0033_0145_0094_0121_0121.jpg 1 145 94 121 121
0034_0258_0157_0233_0233.jpg 1 258 157 233 233
0035_0296_0033_0207_0207.jpg 1 296 33 207 207
0036_0049_0050_0104_0104.jpg 1 49 50 104 104
0037_0119_0044_0326_0326.jpg 1 119 44 326 326
0038_0026_0043_0091_0091.jpg 1 26 43 91 91
0039_0160_0022_0087_0087.jpg 1 160 22 87 87
0040_0081_0076_0323_0323.jpg 1 81 76 323 323
0041_0050_0047_0063_0063.jpg 1 50 47 63 63
0042_0312_0036_0170_0170.jpg 1 312 36 170 170
0043_0028_0099_0104_0104.jpg 1 28 99 104 104
0044_0231_0112_0106_0106.jpg 1 231 112 106 106
0045_0095_0335_0159_0159.jpg 1 95 335 159 159
0046_0179_0026_0334_0334.jpg 1 179 26 334 334
0047_0029_0018_0162_0162.jpg 1 29 18 162 162
0048_0025_0046_0143_0143.jpg 1 25 46 143 143
0049_0331_0070_0126_0126.jpg 1 331 70 126 126
0050_0082_0079_0086_0086.jpg 1 82 79 86 86
0051_0234_0079_0164_0164.jpg 1 234 79 164 164
0052_0163_0050_0062_0062.jpg 1 163 50 62 62
0053_0164_0145_0259_0259.jpg 1 164 145 259 259
0054_0059_0101_0100_0100.jpg 1 59 101 100 100
0055_0050_0036_0216_0216.jpg 1 50 36 216 216
0056_0012_0078_0085_0085.jpg 1 12 78 85 85
0057_0105_0128_0062_0062.jpg 1 105 128 62 62
0058_0217_0217_0133_0133.jpg 1 217 217 133 133
0059_0094_0050_0134_0134.jpg 1 94 50 134 134
0060_0062_0085_0125_0125.jpg 1 62 85 125 125
0061_0038_0146_0051_0051.jpg 1 38 146 51 51
0062_0084_0018_0119_0119.jpg 1 84 18 119 119
0063_0086_0022_0075_0075.jpg 1 86 22 75 75
0064_0071_0035_0167_0167.jpg 1 71 35 167 167
0065_0055_0117_0100_0100.jpg 1 55 117 100 100
0066_0145_0176_0246_0246.jpg 1 145 176 246 246
0067_0161_0061_0113_0113.jpg 1 161 61 113 113
0068_0325_0123_0119_0119.jpg 1 325 123 119 119
0069_0133_0080_0077_0077.jpg 1 133 80 77 77
0070_0129_0063_0262_0262.jpg 1 129 63 262 262
0071_0056_0099_0081_0081.jpg 1 56 99 81 81
0072_0165_0218_0215_0215.jpg 1 165 218 215 215
0073_0087_0065_0261_0261.jpg 1 87 65 261 261
0074_0060_0111_0100_0100.jpg 1 60 111 100 100
0075_0042_0185_0218_0218.jpg 1 42 185 218 218
0076_0196_0173_0219_0219.jpg 1 196 173 219 219
0077_0079_0062_0168_0168.jpg 1 79 62 168 168
0078_0030_0071_0148_0148.jpg 1 30 71 148 148
0079_0304_0102_0129_0129.jpg 1 304 102 129 129
0080_0288_0053_0304_0304.jpg 1 288 53 304 304
0081_0290_0205_0100_0100.jpg 1 290 205 100 100
0082_0325_0154_0079_0079.jpg 1 325 154 79 79
0083_0390_0090_0167_0167.jpg 1 390 90 167 167
0084_0057_0049_0138_0138.jpg 1 57 49 138 138
0085_0059_0103_0288_0288.jpg 1 59 103 288 288
0086_0251_0115_0213_0213.jpg 1 251 115 213 213
0087_0179_0055_0285_0285.jpg 1 179 55 285 285
0088_0114_0087_0083_0083.jpg 1 114 87 83 83
0089_0118_0127_0092_0092.jpg 1 118 127 92 92
0090_0459_0264_0067_0067.jpg 1 459 264 67 67
0091_0066_0066_0097_0097.jpg 1 66 66 97 97
0092_0045_0051_0133_0133.jpg 1 45 51 133 133
0093_0083_0065_0079_0079.jpg 1 83 65 79 79
0094_0259_0085_0189_0189.jpg 1 259 85 189 189
0095_0070_0057_0056_0056.jpg 1 70 57 56 56
0096_0262_0201_0086_0086.jpg 1 262 201 86 86
0097_0050_0032_0095_0095.jpg 1 50 32 95 95
0098_0455_0132_0057_0057.jpg 1 455 132 57 57
0099_0309_0032_0237_0237.jpg 1 309 32 237 237
0100_0390_0316_0126_0126.jpg 1 390 316 126 126
0101_0123_0017_0067_0067.jpg 1 123 17 67 67
0102_0149_0085_0307_0307.jpg 1 149 85 307 307
0103_0072_0020_0285_0285.jpg 1 72 20 285 285
0104_0070_0037_0252_0252.jpg 1 70 37 252 252
0105_0127_0134_0066_0066.jpg 1 127 134 66 66
0106_0140_0093_0076_0076.jpg 1 140 93 76 76
0107_0346_0058_0197_0197.jpg 1 346 58 197 197
0108_0027_0026_0154_0154.jpg 1 27 26 154 154
0109_0279_0210_0165_0165.jpg 1 279 210 165 165
0110_0035_0027_0144_0144.jpg 1 35 27 144 144
0111_0095_0101_0119_0119.jpg 1 95 101 119 119
0112_0170_0057_0070_0070.jpg 1 170 57 70 70
0113_0318_0050_0052_0052.jpg 1 318 50 52 52
0114_0440_0186_0138_0138.jpg 1 440 186 138 138
0115_0068_0140_0082_0082.jpg 1 68 140 82 82
0116_0032_0026_0064_0064.jpg 1 32 26 64 64
0117_0107_0083_0084_0084.jpg 1 107 83 84 84
0118_0256_0196_0178_0178.jpg 1 256 196 178 178
0119_0509_0094_0062_0062.jpg 1 509 94 62 62
0120_0096_0070_0098_0098.jpg 1 96 70 98 98
0121_0072_0029_0100_0100.jpg 1 72 29 100 100
0122_0104_0055_0067_0067.jpg 1 104 55 67 67
0123_0102_0049_0104_0104.jpg 1 102 49 104 104
0124_0008_0053_0136_0136.jpg 1 8 53 136 136
0125_0015_0108_0063_0063.jpg 1 15 108 63 63
0126_0072_0056_0101_0101.jpg 1 72 56 101 101
0127_0081_0055_0100_0100.jpg 1 81 55 100 100
0128_0421_0042_0065_0065.jpg 1 421 42 65 65
