0001_0197_0070_0085_0085.jpg 1 197 70 85 85
0002_0062_0059_0166_0166.jpg 1 62 59 166 166
0003_0103_0087_0099_0099.jpg 1 103 87 99 99
0004_0229_0071_0234_0234.jpg 1 229 71 234 234
0005_0212_0235_0179_0179.jpg 1 212 235 179 179
0006_0024_0044_0050_0050.jpg 1 24 44 50 50
0007_0137_0099_0190_0190.jpg 1 137 99 190 190
0008_0024_0029_0145_0145.jpg 1 24 29 145 145
0009_0056_0031_0077_0077.jpg 1 56 31 77 77
0010_0127_0074_0100_0100.jpg 1 127 74 100 100
0011_0155_0041_0130_0130.jpg 1 155 41 130 130
0012_0047_0039_0118_0118.jpg 1 47 39 118 118
0013_0049_0049_0155_0155.jpg 1 49 49 155 155
0014_0198_0168_0097_0097.jpg 1 198 168 97 97
0015_0117_0048_0123_0123.jpg 1 117 48 123 123
0016_0214_0382_0175_0175.jpg 1 214 382 175 175
0017_0246_0280_0133_0133.jpg 1 246 280 133 133
0018_0244_0293_0065_0065.jpg 1 244 293 65 65
0019_0071_0022_0078_0078.jpg 1 71 22 78 78
0020_0032_0131_0055_0055.jpg 1 32 131 55 55
0021_0276_0161_0227_0227.jpg 1 276 161 227 227
0022_0047_0056_0126_0126.jpg 1 47 56 126 126
0023_0057_0048_0057_0057.jpg 1 57 48 57 57
0024_0167_0026_0299_0299.jpg 1 167 26 299 299
0025_0051_0027_0113_0113.jpg 1 51 27 113 113
0026_0014_0086_0118_0118.jpg 1 14 86 118 118
0027_0220_0135_0271_0271.jpg 1 220 135 271 271
0028_0048_0058_0133_0133.jpg 1 48 58 133 133
0029_0093_0105_0080_0080.jpg 1 93 105 80 80
0030_0103_0060_0099_0099.jpg 1 103 60 99 99
0031_0264_0061_0310_0310.jpg 1 264 61 310 310
0032_0220_0140_0204_0204.jpg 1 220 140 204 204
0033_0025_0067_0076_0076.jpg 1 25 67 76 76
0034_0054_0479_0062_0062.jpg 1 54 479 62 62
0035_0044_0018_0115_0115.jpg 1 44 18 115 115
0036_0321_0057_0054_0054.jpg 1 321 57 54 54
0037_0132_0040_0232_0232.jpg 1 132 40 232 232
0038_0118_0068_0066_0066.jpg 1 118 68 66 66
0039_0073_0027_0291_0291.jpg 1 73 27 291 291
0040_0071_0086_0117_0117.jpg 1 71 86 117 117
0041_0322_0052_0146_0146.jpg 1 322 52 146 146
0042_0091_0129_0066_0066.jpg 1 91 129 66 66
0043_0024_0076_0149_0149.jpg 1 24 76 149 149
0044_0170_0155_0096_0096.jpg 1 170 155 96 96
0045_0184_0078_0312_0312.jpg 1 184 78 312 312
0046_0094_0030_0306_0306.jpg 1 94 30 306 306
0047_0108_0077_0167_0167.jpg 1 108 77 167 167
0048_0053_0059_0070_0070.jpg 1 53 59 70 70
0049_0161_0109_0067_0067.jpg 1 161 109 67 67
0050_0072_0060_0144_0144.jpg 1 72 60 144 144
0051_0092_0049_0316_0316.jpg 1 92 49 316 316
0052_0105_0195_0184_0184.jpg 1 105 195 184 184
0053_0049_0134_0083_0083.jpg 1 49 134 83 83
0054_0106_0045_0304_0304.jpg 1 106 45 304 304
0055_0158_0120_0133_0133.jpg 1 158 120 133 133
0056_0049_0021_0095_0095.jpg 1 49 21 95 95
0057_0070_0044_0323_0323.jpg 1 70 44 323 323
0058_0460_0234_0096_0096.jpg 1 460 234 96 96
0059_0088_0060_0108_0108.jpg 1 88 60 108 108
0060_0066_0100_0113_0113.jpg 1 66 100 113 113
0061_0043_0078_0090_0090.jpg 1 43 78 90 90
0062_0073_0058_0265_0265.jpg 1 73 58 265 265
0063_0081_0131_0096_0096.jpg 1 81 131 96 96
0064_0073_0047_0295_0295.jpg 1 73 47 295 295
0065_0104_0122_0056_0056.jpg 1 104 122 56 56
0066_0059_0167_0066_0066.jpg 1 59 167 66 66
0067_0098_0055_0110_0110.jpg 1 98 55 110 110
0068_0199_0316_0080_0080.jpg 1 199 316 80 80
0069_0048_0093_0245_0245.jpg 1 48 93 245 245
0070_0074_0032_0080_0080.jpg 1 74 32 80 80
0071_0140_0019_0319_0319.jpg 1 140 19 319 319
0072_0061_0029_0100_0100.jpg 1 61 29 100 100
0073_0227_0064_0067_0067.jpg 1 227 64 67 67
0074_0033_0030_0152_0152.jpg 1 33 30 152 152
0075_0084_0081_0106_0106.jpg 1 84 81 106 106
0076_0157_0091_0060_0060.jpg 1 157 91 60 60
0077_0208_0115_0064_0064.jpg 1 208 115 64 64
0078_0021_0065_0122_0122.jpg 1 21 65 122 122
0079_0038_0024_0104_0104.jpg 1 38 24 104 104
0080_0172_0127_0296_0296.jpg 1 172 127 296 296
0081_0219_0222_0078_0078.jpg 1 219 222 78 78
0082_0144_0115_0080_0080.jpg 1 144 115 80 80
0083_0019_0037_0160_0160.jpg 1 19 37 160 160
0084_0147_0143_0049_0049.jpg 1 147 143 49 49
0085_0025_0011_0160_0160.jpg 1 25 11 160 160
0086_0053_0106_0179_0179.jpg 1 53 106 179 179
0087_0020_0062_0140_0140.jpg 1 20 62 140 140
0088_0221_0122_0096_0096.jpg 1 221 122 96 96
0089_0070_0090_0104_0104.jpg 1 70 90 104 104
0090_0042_0078_0057_0057.jpg 1 42 78 57 57
0091_0081_0057_0076_0076.jpg 1 81 57 76 76
0092_0107_0075_0115_0115.jpg 1 107 75 115 115
0093_0023_0135_0059_0059.jpg 1 23 135 59 59
0094_0079_0047_0078_0078.jpg 1 79 47 78 78
0095_0357_0229_0207_0207.jpg 1 357 229 207 207
0096_0506_0126_0064_0064.jpg 1 506 126 64 64
0097_0031_0135_0048_0048.jpg 1 31 135 48 48
0098_0045_0031_0095_0095.jpg 1 45 31 95 95
0099_0222_0039_0070_0070.jpg 1 222 39 70 70
0100_0126_0297_0175_0175.jpg 1 126 297 175 175
0101_0060_0329_0089_0089.jpg 1 60 329 89 89
0102_0093_0043_0134_0134.jpg 1 93 43 134 134
0103_0076_0417_0104_0104.jpg 1 76 417 104 104
0104_0065_0202_0077_0077.jpg 1 65 202 77 77
0105_0089_0117_0285_0285.jpg 1 89 117 285 285
0106_0024_0096_0083_0083.jpg 1 24 96 83 83
0107_0273_0062_0327_0327.jpg 1 273 62 327 327
0108_0055_0107_0060_0060.jpg 1 55 107 60 60
0109_0297_0083_0078_0078.jpg 1 297 83 78 78
0110_0075_0089_0075_0075.jpg 1 75 89 75 75
0111_0283_0280_0134_0134.jpg 1 283 280 134 134
0112_0058_0017_0063_0063.jpg 1 58 17 63 63
0113_0310_0110_0290_0290.jpg 1 310 110 290 290
0114_0187_0097_0255_0255.jpg 1 187 97 255 255
0115_0273_0212_0080_0080.jpg 1 273 212 80 80
0116_0114_0309_0221_0221.jpg 1 114 309 221 221
0117_0060_0043_0065_0065.jpg 1 60 43 65 65
0118_0365_0235_0211_0211.jpg 1 365 235 211 211
0119_0031_0122_0076_0076.jpg 1 31 122 76 76
0120_0018_0082_0118_0118.jpg 1 18 82 118 118
0121_0080_0038_0120_0120.jpg 1 80 38 120 120
0122_0437_0118_0109_0109.jpg 1 437 118 109 109
0123_0379_0073_0207_0207.jpg 1 379 73 207 207
0124_0153_0040_0082_0082.jpg 1 153 40 82 82
0125_0442_0284_0059_0059.jpg 1 442 284 59 59
0126_0100_0027_0106_0106.jpg 1 100 27 106 106
0127_0090_0047_0123_0123.jpg 1 90 47 123 123
0128_0230_0079_0049_0049.jpg 1 230 79 49 49
