0001_0106_0299_0109_0109.jpg 1 106 299 109 109
0002_0152_0109_0068_0068.jpg 1 152 109 68 68
0003_0227_0118_0162_0162.jpg 1 227 118 162 162
0004_0381_0264_0165_0165.jpg 1 381 264 165 165
0005_0032_0134_0068_0068.jpg 1 32 134 68 68
0006_0099_0015_0163_0163.jpg 1 99 15 163 163
0007_0367_0110_0197_0197.jpg 1 367 110 197 197
0008_0249_0135_0326_0326.jpg 1 249 135 326 326
0009_0174_0158_0110_0110.jpg 1 174 158 110 110
0010_0021_0147_0049_0049.jpg 1 21 147 49 49
0011_0231_0070_0334_0334.jpg 1 231 70 334 334
0012_0325_0172_0065_0065.jpg 1 325 172 65 65
0013_0344_0056_0072_0072.jpg 1 344 56 72 72
0014_0147_0040_0056_0056.jpg 1 147 40 56 56
0015_0275_0243_0118_0118.jpg 1 275 243 118 118
0016_0124_0287_0127_0127.jpg 1 124 287 127 127
0017_0210_0139_0304_0304.jpg 1 210 139 304 304
0018_0038_0067_0147_0147.jpg 1 38 67 147 147
0019_0051_0102_0334_0334.jpg 1 51 102 334 334
0020_0223_0099_0243_0243.jpg 1 223 99 243 243
0021_0343_0140_0059_0059.jpg 1 343 140 59 59
0022_0036_0011_0160_0160.jpg 1 36 11 160 160
0023_0238_0182_0168_0168.jpg 1 238 182 168 168
0024_0249_0077_0329_0329.jpg 1 249 77 329 329
0025_0239_0220_0152_0152.jpg 1 239 220 152 152
0026_0290_0088_0049_0049.jpg 1 290 88 49 49
0027_0219_0283_0128_0128.jpg 1 219 283 128 128
0028_0337_0093_0108_0108.jpg 1 337 93 108 108
0029_0069_0085_0199_0199.jpg 1 69 85 199 199
0030_0384_0093_0140_0140.jpg 1 384 93 140 140
0031_0063_0056_0064_0064.jpg 1 63 56 64 64
0032_0028_0064_0136_0136.jpg 1 28 64 136 136
0033_0202_0104_0075_0075.jpg 1 202 104 75 75
0034_0025_0053_0122_0122.jpg 1 25 53 122 122
0035_0045_0014_0156_0156.jpg 1 45 14 156 156
0036_0459_0177_0106_0106.jpg 1 459 177 106 106
0037_0075_0018_0326_0326.jpg 1 75 18 326 326
0038_0218_0030_0259_0259.jpg 1 218 30 259 259
0039_0412_0274_0105_0105.jpg 1 412 274 105 105
0040_0136_0021_0076_0076.jpg 1 136 21 76 76
0041_0033_0066_0110_0110.jpg 1 33 66 110 110
0042_0179_0034_0144_0144.jpg 1 179 34 144 144
0043_0090_0064_0063_0063.jpg 1 90 64 63 63
0044_0141_0151_0066_0066.jpg 1 141 151 66 66
0045_0022_0153_0067_0067.jpg 1 22 153 67 67
0046_0250_0153_0291_0291.jpg 1 250 153 291 291
0047_0230_0049_0251_0251.jpg 1 230 49 251 251
0048_0129_0185_0112_0112.jpg 1 129 185 112 112
0049_0384_0125_0152_0152.jpg 1 384 125 152 152
0050_0052_0128_0050_0050.jpg 1 52 128 50 50
0051_0084_0282_0262_0262.jpg 1 84 282 262 262
0052_0190_0098_0076_0076.jpg 1 190 98 76 76
0053_0345_0199_0153_0153.jpg 1 345 199 153 153
0054_0139_0166_0252_0252.jpg 1 139 166 252 252
0055_0132_0047_0069_0069.jpg 1 132 47 69 69
0056_0070_0184_0137_0137.jpg 1 70 184 137 137
0057_0064_0057_0115_0115.jpg 1 64 57 115 115
0058_0024_0014_0145_0145.jpg 1 24 14 145 145
0059_0056_0108_0282_0282.jpg 1 56 108 282 282
0060_0072_0078_0140_0140.jpg 1 72 78 140 140
0061_0120_0041_0066_0066.jpg 1 120 41 66 66
0062_0027_0154_0287_0287.jpg 1 27 154 287 287
0063_0166_0031_0074_0074.jpg 1 166 31 74 74
0064_0067_0016_0158_0158.jpg 1 67 16 158 158
0065_0190_0429_0162_0162.jpg 1 190 429 162 162
0066_0146_0060_0072_0072.jpg 1 146 60 72 72
0067_0051_0093_0065_0065.jpg 1 51 93 65 65
0068_0443_0244_0108_0108.jpg 1 443 244 108 108
0069_0142_0146_0244_0244.jpg 1 142 146 244 244
0070_0057_0019_0123_0123.jpg 1 57 19 123 123
0071_0213_0166_0251_0251.jpg 1 213 166 251 251
0072_0005_0099_0102_0102.jpg 1 5 99 102 102
0073_0116_0082_0055_0055.jpg 1 116 82 55 55
0074_0019_0083_0129_0129.jpg 1 19 83 129 129
0075_0053_0088_0076_0076.jpg 1 53 88 76 76
0076_0014_0071_0064_0064.jpg 1 14 71 64 64
0077_0098_0116_0060_0060.jpg 1 98 116 60 60
0078_0032_0055_0155_0155.jpg 1 32 55 155 155
0079_0098_0314_0054_0054.jpg 1 98 314 54 54
0080_0096_0023_0110_0110.jpg 1 96 23 110 110
0081_0073_0189_0141_0141.jpg 1 73 189 141 141
0082_0145_0448_0118_0118.jpg 1 145 448 118 118
0083_0354_0168_0173_0173.jpg 1 354 168 173 173
0084_0110_0046_0304_0304.jpg 1 110 46 304 304
0085_0128_0070_0129_0129.jpg 1 128 70 129 129
0086_0070_0095_0084_0084.jpg 1 70 95 84 84
0087_0099_0118_0176_0176.jpg 1 99 118 176 176
0088_0039_0068_0287_0287.jpg 1 39 68 287 287
0089_0070_0343_0079_0079.jpg 1 70 343 79 79
0090_0321_0055_0253_0253.jpg 1 321 55 253 253
0091_0068_0166_0062_0062.jpg 1 68 166 62 62
0092_0034_0042_0130_0130.jpg 1 34 42 130 130
0093_0314_0059_0269_0269.jpg 1 314 59 269 269
0094_0170_0084_0070_0070.jpg 1 170 84 70 70
0095_0149_0061_0067_0067.jpg 1 149 61 67 67
0096_0025_0055_0125_0125.jpg 1 25 55 125 125
0097_0175_0182_0270_0270.jpg 1 175 182 270 270
0098_0324_0062_0221_0221.jpg 1 324 62 221 221
0099_0055_0055_0145_0145.jpg 1 55 55 145 145
0100_0277_0192_0134_0134.jpg 1 277 192 134 134
0101_0022_0113_0048_0048.jpg 1 22 113 48 48
0102_0346_0312_0119_0119.jpg 1 346 312 119 119
0103_0162_0054_0121_0121.jpg 1 162 54 121 121
0104_0025_0021_0154_0154.jpg 1 25 21 154 154
0105_0058_0057_0151_0151.jpg 1 58 57 151 151
0106_0287_0417_0144_0144.jpg 1 287 417 144 144
0107_0072_0026_0298_0298.jpg 1 72 26 298 298
0108_0200_0242_0191_0191.jpg 1 200 242 191 191
0109_0079_0067_0146_0146.jpg 1 79 67 146 146
0110_0126_0015_0295_0295.jpg 1 126 15 295 295
0111_0153_0103_0095_0095.jpg 1 153 103 95 95
0112_0266_0183_0100_0100.jpg 1 266 183 100 100
0113_0059_0020_0283_0283.jpg 1 59 20 283 283
0114_0098_0138_0051_0051.jpg 1 98 138 51 51
0115_0062_0069_0287_0287.jpg 1 62 69 287 287
0116_0152_0195_0207_0207.jpg 1 152 195 207 207
0117_0020_0106_0103_0103.jpg 1 20 106 103 103
0118_0296_0153_0199_0199.jpg 1 296 153 199 199
0119_0304_0103_0248_0248.jpg 1 304 103 248 248
0120_0238_0033_0333_0333.jpg 1 238 33 333 333
0121_0064_0051_0143_0143.jpg 1 64 51 143 143
0122_0101_0109_0083_0083.jpg 1 101 109 83 83
0123_0097_0267_0082_0082.jpg 1 97 267 82 82
0124_0057_0025_0068_0068.jpg 1 57 25 68 68
0125_0027_0019_0145_0145.jpg 1 27 19 145 145
0126_0080_0073_0090_0090.jpg 1 80 73 90 90
0127_0177_0140_0226_0226.jpg 1 177 140 226 226
0128_0114_0024_0149_0149.jpg 1 114 24 149 149
0001_0058_0024_0120_0120.jpg 1 58 24 120 120
0002_0084_0103_0103_0103.jpg 1 84 103 103 103
0003_0131_0104_0075_0075.jpg 1 131 104 75 75
0004_0023_0063_0069_0069.jpg 1 23 63 69 69
0005_0213_0355_0224_0224.jpg 1 213 355 224 224
0006_0140_0035_0115_0115.jpg 1 140 35 115 115
0007_0077_0044_0249_0249.jpg 1 77 44 249 249
0008_0091_0043_0083_0083.jpg 1 91 43 83 83
0009_0044_0144_0070_0070.jpg 1 44 144 70 70
0010_0078_0081_0116_0116.jpg 1 78 81 116 116
0011_0370_0066_0082_0082.jpg 1 370 66 82 82
0012_0173_0234_0110_0110.jpg 1 173 234 110 110
0013_0085_0075_0069_0069.jpg 1 85 75 69 69
0014_0062_0037_0079_0079.jpg 1 62 37 79 79
0015_0169_0106_0114_0114.jpg 1 169 106 114 114
0016_0175_0022_0071_0071.jpg 1 175 22 71 71
0017_0110_0019_0102_0102.jpg 1 110 19 102 102
0018_0210_0108_0081_0081.jpg 1 210 108 81 81
0019_0082_0050_0069_0069.jpg 1 82 50 69 69
0020_0147_0073_0313_0313.jpg 1 147 73 313 313
0021_0047_0090_0048_0048.jpg 1 47 90 48 48
0022_0212_0026_0334_0334.jpg 1 212 26 334 334
0023_0018_0062_0116_0116.jpg 1 18 62 116 116
0024_0138_0223_0203_0203.jpg 1 138 223 203 203
0025_0338_0083_0228_0228.jpg 1 338 83 228 228
0026_0053_0039_0055_0055.jpg 1 53 39 55 55
0027_0077_0035_0079_0079.jpg 1 77 35 79 79
0028_0073_0055_0097_0097.jpg 1 73 55 97 97
0029_0406_0136_0054_0054.jpg 1 406 136 54 54
0030_0044_0080_0115_0115.jpg 1 44 80 115 115
0031_0481_0168_0068_0068.jpg 1 481 168 68 68
0032_0313_0124_0258_0258.jpg 1 313 124 258 258
0033_0189_0180_0267_0267.jpg 1 189 180 267 267
0034_0254_0112_0324_0324.jpg 1 254 112 324 324
0035_0032_0027_0123_0123.jpg 1 32 27 123 123
0036_0186_0070_0150_0150.jpg 1 186 70 150 150
0037_0086_0101_0067_0067.jpg 1 86 101 67 67
0038_0091_0140_0157_0157.jpg 1 91 140 157 157
0039_0042_0026_0126_0126.jpg 1 42 26 126 126
0040_0027_0087_0099_0099.jpg 1 27 87 99 99
0041_0032_0120_0052_0052.jpg 1 32 120 52 52
0042_0268_0179_0262_0262.jpg 1 268 179 262 262
0043_0355_0203_0107_0107.jpg 1 355 203 107 107
0044_0367_0102_0088_0088.jpg 1 367 102 88 88
0045_0043_0158_0335_0335.jpg 1 43 158 335 335
0046_0120_0237_0310_0310.jpg 1 120 237 310 310
0047_0023_0025_0106_0106.jpg 1 23 25 106 106
0048_0095_0187_0235_0235.jpg 1 95 187 235 235
0049_0128_0018_0332_0332.jpg 1 128 18 332 332
0050_0061_0115_0054_0054.jpg 1 61 115 54 54
0051_0123_0026_0104_0104.jpg 1 123 26 104 104
0052_0056_0072_0289_0289.jpg 1 56 72 289 289
0053_0192_0101_0053_0053.jpg 1 192 101 53 53
0054_0169_0251_0050_0050.jpg 1 169 251 50 50
0055_0039_0015_0146_0146.jpg 1 39 15 146 146
0056_0191_0128_0054_0054.jpg 1 191 128 54 54
0057_0456_0285_0106_0106.jpg 1 456 285 106 106
0058_0213_0042_0316_0316.jpg 1 213 42 316 316
0059_0054_0035_0068_0068.jpg 1 54 35 68 68
0060_0307_0121_0126_0126.jpg 1 307 121 126 126
0061_0145_0205_0145_0145.jpg 1 145 205 145 145
0062_0139_0050_0074_0074.jpg 1 139 50 74 74
0063_0016_0074_0107_0107.jpg 1 16 74 107 107
0064_0394_0330_0078_0078.jpg 1 394 330 78 78
0065_0089_0125_0066_0066.jpg 1 89 125 66 66
0066_0078_0275_0289_0289.jpg 1 78 275 289 289
0067_0056_0089_0049_0049.jpg 1 56 89 49 49
0068_0202_0099_0088_0088.jpg 1 202 99 88 88
0069_0377_0028_0206_0206.jpg 1 377 28 206 206
0070_0318_0094_0057_0057.jpg 1 318 94 57 57
0071_0212_0057_0291_0291.jpg 1 212 57 291 291
0072_0071_0030_0092_0092.jpg 1 71 30 92 92
0073_0286_0072_0177_0177.jpg 1 286 72 177 177
0074_0061_0049_0169_0169.jpg 1 61 49 169 169
0075_0331_0126_0124_0124.jpg 1 331 126 124 124
0076_0043_0099_0062_0062.jpg 1 43 99 62 62
0077_0010_0052_0146_0146.jpg 1 10 52 146 146
0078_0116_0059_0095_0095.jpg 1 116 59 95 95
0079_0253_0081_0141_0141.jpg 1 253 81 141 141
0080_0034_0146_0208_0208.jpg 1 34 146 208 208
0081_0368_0103_0091_0091.jpg 1 368 103 91 91
0082_0458_0342_0096_0096.jpg 1 458 342 96 96
0083_0075_0123_0101_0101.jpg 1 75 123 101 101
0084_0037_0060_0167_0167.jpg 1 37 60 167 167
0085_0190_0128_0266_0266.jpg 1 190 128 266 266
0086_0040_0044_0141_0141.jpg 1 40 44 141 141
0087_0157_0026_0139_0139.jpg 1 157 26 139 139
0088_0081_0218_0221_0221.jpg 1 81 218 221 221
0089_0095_0116_0071_0071.jpg 1 95 116 71 71
0090_0191_0110_0302_0302.jpg 1 191 110 302 302
0091_0097_0115_0083_0083.jpg 1 97 115 83 83
0092_0034_0090_0104_0104.jpg 1 34 90 104 104
0093_0142_0387_0060_0060.jpg 1 142 387 60 60
0094_0351_0182_0108_0108.jpg 1 351 182 108 108
0095_0285_0199_0079_0079.jpg 1 285 199 79 79
0096_0167_0106_0110_0110.jpg 1 167 106 110 110
0097_0123_0017_0313_0313.jpg 1 123 17 313 313
0098_0032_0098_0110_0110.jpg 1 32 98 110 110
0099_0296_0091_0146_0146.jpg 1 296 91 146 146
0100_0090_0060_0079_0079.jpg 1 90 60 79 79
0101_0042_0040_0077_0077.jpg 1 42 40 77 77
0102_0128_0051_0149_0149.jpg 1 128 51 149 149
0103_0302_0121_0096_0096.jpg 1 302 121 96 96
0104_0160_0040_0196_0196.jpg 1 160 40 196 196
0105_0061_0156_0137_0137.jpg 1 61 156 137 137
0106_0209_0208_0152_0152.jpg 1 209 208 152 152
0107_0190_0116_0086_0086.jpg 1 190 116 86 86
0108_0033_0088_0062_0062.jpg 1 33 88 62 62
0109_0230_0100_0266_0266.jpg 1 230 100 266 266
0110_0065_0095_0127_0127.jpg 1 65 95 127 127
0111_0217_0168_0235_0235.jpg 1 217 168 235 235
0112_0026_0126_0062_0062.jpg 1 26 126 62 62
0113_0134_0241_0267_0267.jpg 1 134 241 267 267
0114_0103_0022_0082_0082.jpg 1 103 22 82 82
0115_0307_0292_0114_0114.jpg 1 307 292 114 114
0116_0189_0072_0076_0076.jpg 1 189 72 76 76
0117_0033_0150_0063_0063.jpg 1 33 150 63 63
0118_0285_0196_0131_0131.jpg 1 285 196 131 131
0119_0288_0070_0233_0233.jpg 1 288 70 233 233
0120_0123_0061_0056_0056.jpg 1 123 61 56 56
0121_0153_0047_0129_0129.jpg 1 153 47 129 129
0122_0029_0019_0127_0127.jpg 1 29 19 127 127
0123_0302_0168_0132_0132.jpg 1 302 168 132 132
0124_0060_0058_0052_0052.jpg 1 60 58 52 52
0125_0375_0079_0109_0109.jpg 1 375 79 109 109
0126_0353_0054_0130_0130.jpg 1 353 54 130 130
0127_0046_0041_0093_0093.jpg 1 46 41 93 93
0128_0188_0323_0137_0137.jpg 1 188 323 137 137
0001_0034_0052_0152_0152.jpg 1 34 52 152 152
0002_0202_0134_0089_0089.jpg 1 202 134 89 89
0003_0038_0092_0105_0105.jpg 1 38 92 105 105
0004_0114_0029_0120_0120.jpg 1 114 29 120 120
0005_0252_0149_0255_0255.jpg 1 252 149 255 255
0006_0048_0139_0265_0265.jpg 1 48 139 265 265
0007_0150_0205_0053_0053.jpg 1 150 205 53 53
0008_0392_0269_0096_0096.jpg 1 392 269 96 96
0009_0035_0073_0087_0087.jpg 1 35 73 87 87
0010_0170_0219_0067_0067.jpg 1 170 219 67 67
0011_0033_0057_0078_0078.jpg 1 33 57 78 78
0012_0056_0098_0111_0111.jpg 1 56 98 111 111
0013_0110_0051_0082_0082.jpg 1 110 51 82 82
0014_0108_0048_0294_0294.jpg 1 108 48 294 294
0015_0246_0175_0143_0143.jpg 1 246 175 143 143
0016_0072_0188_0248_0248.jpg 1 72 188 248 248
0017_0165_0055_0115_0115.jpg 1 165 55 115 115
0018_0112_0365_0173_0173.jpg 1 112 365 173 173
0019_0050_0097_0103_0103.jpg 1 50 97 103 103
0020_0007_0096_0090_0090.jpg 1 7 96 90 90
0021_0113_0063_0144_0144.jpg 1 113 63 144 144
0022_0080_0040_0239_0239.jpg 1 80 40 239 239
0023_0177_0016_0070_0070.jpg 1 177 16 70 70
0024_0224_0096_0290_0290.jpg 1 224 96 290 290
0025_0096_0210_0101_0101.jpg 1 96 210 101 101
0026_0085_0038_0333_0333.jpg 1 85 38 333 333
0027_0055_0051_0140_0140.jpg 1 55 51 140 140
0028_0224_0204_0251_0251.jpg 1 224 204 251 251
0029_0059_0040_0104_0104.jpg 1 59 40 104 104
0030_0062_0016_0080_0080.jpg 1 62 16 80 80
0031_0422_0073_0109_0109.jpg 1 422 73 109 109
0032_0276_0088_0178_0178.jpg 1 276 88 178 178
0033_0175_0100_0317_0317.jpg 1 175 100 317 317
0034_0168_0150_0277_0277.jpg 1 168 150 277 277
0035_0088_0106_0067_0067.jpg 1 88 106 67 67
0036_0187_0103_0056_0056.jpg 1 187 103 56 56
0037_0068_0043_0120_0120.jpg 1 68 43 120 120
0038_0222_0213_0150_0150.jpg 1 222 213 150 150
0039_0211_0073_0151_0151.jpg 1 211 73 151 151
0040_0080_0128_0058_0058.jpg 1 80 128 58 58
0041_0106_0098_0068_0068.jpg 1 106 98 68 68
0042_0118_0070_0139_0139.jpg 1 118 70 139 139
0043_0093_0065_0160_0160.jpg 1 93 65 160 160
0044_0208_0084_0142_0142.jpg 1 208 84 142 142
0045_0134_0033_0109_0109.jpg 1 134 33 109 109
0046_0089_0053_0149_0149.jpg 1 89 53 149 149
0047_0298_0110_0217_0217.jpg 1 298 110 217 217
0048_0352_0097_0140_0140.jpg 1 352 97 140 140
0049_0056_0142_0175_0175.jpg 1 56 142 175 175
0050_0065_0025_0084_0084.jpg 1 65 25 84 84
0051_0060_0037_0159_0159.jpg 1 60 37 159 159
0052_0038_0046_0064_0064.jpg 1 38 46 64 64
0053_0128_0197_0115_0115.jpg 1 128 197 115 115
0054_0062_0064_0120_0120.jpg 1 62 64 120 120
0055_0399_0156_0062_0062.jpg 1 399 156 62 62
0056_0042_0011_0160_0160.jpg 1 42 11 160 160
0057_0268_0103_0147_0147.jpg 1 268 103 147 147
0058_0511_0246_0071_0071.jpg 1 511 246 71 71
0059_0097_0116_0062_0062.jpg 1 97 116 62 62
0060_0069_0147_0202_0202.jpg 1 69 147 202 202
0061_0056_0216_0119_0119.jpg 1 56 216 119 119
0062_0069_0053_0064_0064.jpg 1 69 53 64 64
0063_0126_0073_0156_0156.jpg 1 126 73 156 156
0064_0038_0151_0289_0289.jpg 1 38 151 289 289
0065_0140_0039_0256_0256.jpg 1 140 39 256 256
0066_0056_0147_0050_0050.jpg 1 56 147 50 50
0067_0057_0225_0165_0165.jpg 1 57 225 165 165
0068_0126_0049_0121_0121.jpg 1 126 49 121 121
0069_0302_0210_0081_0081.jpg 1 302 210 81 81
0070_0088_0131_0258_0258.jpg 1 88 131 258 258
0071_0083_0259_0154_0154.jpg 1 83 259 154 154
0072_0333_0328_0106_0106.jpg 1 333 328 106 106
0073_0044_0124_0092_0092.jpg 1 44 124 92 92
0074_0238_0431_0097_0097.jpg 1 238 431 97 97
0075_0033_0095_0131_0131.jpg 1 33 95 131 131
0076_0296_0118_0211_0211.jpg 1 296 118 211 211
0077_0306_0090_0089_0089.jpg 1 306 90 89 89
0078_0092_0093_0292_0292.jpg 1 92 93 292 292
0079_0340_0026_0248_0248.jpg 1 340 26 248 248
0080_0253_0374_0076_0076.jpg 1 253 374 76 76
0081_0048_0069_0058_0058.jpg 1 48 69 58 58
0082_0131_0008_0160_0160.jpg 1 131 8 160 160
0083_0189_0321_0139_0139.jpg 1 189 321 139 139
0084_0104_0362_0052_0052.jpg 1 104 362 52 52
0085_0075_0065_0103_0103.jpg 1 75 65 103 103
0086_0090_0041_0254_0254.jpg 1 90 41 254 254
0087_0114_0114_0055_0055.jpg 1 114 114 55 55
0088_0299_0078_0190_0190.jpg 1 299 78 190 190
0089_0122_0158_0290_0290.jpg 1 122 158 290 290
0090_0042_0059_0066_0066.jpg 1 42 59 66 66
0091_0011_0125_0093_0093.jpg 1 11 125 93 93
0092_0081_0092_0069_0069.jpg 1 81 92 69 69
0093_0080_0085_0073_0073.jpg 1 80 85 73 73
0094_0163_0021_0138_0138.jpg 1 163 21 138 138
0095_0081_0096_0213_0213.jpg 1 81 96 213 213
0096_0290_0020_0311_0311.jpg 1 290 20 311 311
0097_0198_0167_0241_0241.jpg 1 198 167 241 241
0098_0080_0072_0072_0072.jpg 1 80 72 72 72
0099_0417_0111_0170_0170.jpg 1 417 111 170 170
0100_0393_0226_0144_0144.jpg 1 393 226 144 144
0101_0268_0168_0269_0269.jpg 1 268 168 269 269
0102_0119_0119_0136_0136.jpg 1 119 119 136 136
0103_0230_0067_0238_0238.jpg 1 230 67 238 238
0104_0304_0087_0294_0294.jpg 1 304 87 294 294
0105_0217_0051_0051_0051.jpg 1 217 51 51 51
0106_0050_0218_0138_0138.jpg 1 50 218 138 138
0107_0281_0349_0054_0054.jpg 1 281 349 54 54
0108_0114_0059_0065_0065.jpg 1 114 59 65 65
0109_0134_0183_0111_0111.jpg 1 134 183 111 111
0110_0193_0057_0265_0265.jpg 1 193 57 265 265
0111_0067_0085_0053_0053.jpg 1 67 85 53 53
0112_0015_0027_0135_0135.jpg 1 15 27 135 135
0113_0026_0046_0111_0111.jpg 1 26 46 111 111
0114_0091_0034_0134_0134.jpg 1 91 34 134 134
0115_0035_0057_0333_0333.jpg 1 35 57 333 333
0116_0090_0037_0113_0113.jpg 1 90 37 113 113
0117_0097_0030_0062_0062.jpg 1 97 30 62 62
0118_0054_0136_0062_0062.jpg 1 54 136 62 62
0119_0167_0074_0178_0178.jpg 1 167 74 178 178
0120_0006_0031_0076_0076.jpg 1 6 31 76 76
0121_0124_0094_0060_0060.jpg 1 124 94 60 60
0122_0221_0059_0070_0070.jpg 1 221 59 70 70
0123_0214_0148_0176_0176.jpg 1 214 148 176 176
0124_0098_0085_0057_0057.jpg 1 98 85 57 57
0125_0017_0054_0056_0056.jpg 1 17 54 56 56
0126_0317_0110_0269_0269.jpg 1 317 110 269 269
0127_0093_0175_0082_0082.jpg 1 93 175 82 82
0128_0255_0231_0189_0189.jpg 1 255 231 189 189
0001_0030_0051_0076_0076.jpg 1 30 51 76 76
0002_0063_0110_0085_0085.jpg 1 63 110 85 85
0003_0024_0043_0092_0092.jpg 1 24 43 92 92
0004_0201_0171_0272_0272.jpg 1 201 171 272 272
0005_0412_0116_0088_0088.jpg 1 412 116 88 88
0006_0217_0073_0207_0207.jpg 1 217 73 207 207
0007_0232_0390_0054_0054.jpg 1 232 390 54 54
0008_0238_0044_0263_0263.jpg 1 238 44 263 263
0009_0261_0117_0262_0262.jpg 1 261 117 262 262
0010_0085_0048_0081_0081.jpg 1 85 48 81 81
0011_0007_0118_0098_0098.jpg 1 7 118 98 98
0012_0262_0053_0137_0137.jpg 1 262 53 137 137
0013_0153_0164_0050_0050.jpg 1 153 164 50 50
0014_0051_0031_0096_0096.jpg 1 51 31 96 96
0015_0257_0209_0210_0210.jpg 1 257 209 210 210
0016_0250_0184_0129_0129.jpg 1 250 184 129 129
0017_0205_0077_0073_0073.jpg 1 205 77 73 73
0018_0011_0043_0110_0110.jpg 1 11 43 110 110
0019_0115_0099_0072_0072.jpg 1 115 99 72 72
0020_0358_0147_0207_0207.jpg 1 358 147 207 207
0021_0221_0055_0328_0328.jpg 1 221 55 328 328
0022_0069_0075_0098_0098.jpg 1 69 75 98 98
0023_0451_0205_0049_0049.jpg 1 451 205 49 49
0024_0013_0078_0057_0057.jpg 1 13 78 57 57
0025_0159_0283_0096_0096.jpg 1 159 283 96 96
0026_0211_0091_0050_0050.jpg 1 211 91 50 50
0027_0196_0052_0073_0073.jpg 1 196 52 73 73
0028_0067_0126_0239_0239.jpg 1 67 126 239 239
0029_0359_0293_0144_0144.jpg 1 359 293 144 144
0030_0115_0156_0203_0203.jpg 1 115 156 203 203
0031_0127_0035_0131_0131.jpg 1 127 35 131 131
0032_0220_0096_0160_0160.jpg 1 220 96 160 160
0033_0097_0121_0272_0272.jpg 1 97 121 272 272
0034_0196_0094_0092_0092.jpg 1 196 94 92 92
0035_0184_0165_0136_0136.jpg 1 184 165 136 136
0036_0109_0048_0101_0101.jpg 1 109 48 101 101
0037_0067_0039_0048_0048.jpg 1 67 39 48 48
0038_0042_0120_0306_0306.jpg 1 42 120 306 306
0039_0023_0048_0131_0131.jpg 1 23 48 131 131
0040_0027_0060_0096_0096.jpg 1 27 60 96 96
0041_0098_0107_0324_0324.jpg 1 98 107 324 324
0042_0316_0050_0214_0214.jpg 1 316 50 214 214
0043_0205_0026_0079_0079.jpg 1 205 26 79 79
0044_0060_0094_0201_0201.jpg 1 60 94 201 201
0045_0028_0056_0084_0084.jpg 1 28 56 84 84
0046_0113_0026_0069_0069.jpg 1 113 26 69 69
0047_0160_0117_0079_0079.jpg 1 160 117 79 79
0048_0279_0046_0301_0301.jpg 1 279 46 301 301
0049_0249_0074_0315_0315.jpg 1 249 74 315 315
0050_0180_0192_0086_0086.jpg 1 180 192 86 86
0051_0156_0152_0131_0131.jpg 1 156 152 131 131
0052_0067_0116_0068_0068.jpg 1 67 116 68 68
0053_0143_0020_0132_0132.jpg 1 143 20 132 132
0054_0242_0256_0144_0144.jpg 1 242 256 144 144
0055_0285_0044_0247_0247.jpg 1 285 44 247 247
0056_0123_0028_0094_0094.jpg 1 123 28 94 94
0057_0233_0088_0233_0233.jpg 1 233 88 233 233
0058_0365_0112_0226_0226.jpg 1 365 112 226 226
0059_0127_0200_0257_0257.jpg 1 127 200 257 257
0060_0025_0115_0324_0324.jpg 1 25 115 324 324
0061_0220_0032_0072_0072.jpg 1 220 32 72 72
0062_0056_0064_0114_0114.jpg 1 56 64 114 114
0063_0459_0110_0055_0055.jpg 1 459 110 55 55
0064_0076_0041_0102_0102.jpg 1 76 41 102 102
0065_0170_0200_0289_0289.jpg 1 170 200 289 289
0066_0214_0024_0049_0049.jpg 1 214 24 49 49
0067_0162_0078_0113_0113.jpg 1 162 78 113 113
0068_0219_0227_0139_0139.jpg 1 219 227 139 139
0069_0221_0133_0303_0303.jpg 1 221 133 303 303
0070_0092_0093_0120_0120.jpg 1 92 93 120 120
0071_0153_0122_0076_0076.jpg 1 153 122 76 76
0072_0138_0052_0244_0244.jpg 1 138 52 244 244
0073_0044_0092_0136_0136.jpg 1 44 92 136 136
0074_0046_0120_0327_0327.jpg 1 46 120 327 327
0075_0045_0086_0136_0136.jpg 1 45 86 136 136
0076_0054_0020_0317_0317.jpg 1 54 20 317 317
0077_0293_0172_0271_0271.jpg 1 293 172 271 271
0078_0090_0016_0129_0129.jpg 1 90 16 129 129
0079_0256_0316_0089_0089.jpg 1 256 316 89 89
0080_0123_0038_0157_0157.jpg 1 123 38 157 157
0081_0147_0444_0107_0107.jpg 1 147 444 107 107
0082_0211_0054_0059_0059.jpg 1 211 54 59 59
0083_0042_0089_0074_0074.jpg 1 42 89 74 74
0084_0032_0098_0091_0091.jpg 1 32 98 91 91
0085_0321_0201_0256_0256.jpg 1 321 201 256 256
0086_0207_0237_0215_0215.jpg 1 207 237 215 215
0087_0315_0029_0240_0240.jpg 1 315 29 240 240
0088_0018_0018_0129_0129.jpg 1 18 18 129 129
0089_0051_0104_0059_0059.jpg 1 51 104 59 59
0090_0060_0015_0154_0154.jpg 1 60 15 154 154
0091_0093_0062_0091_0091.jpg 1 93 62 91 91
0092_0298_0141_0255_0255.jpg 1 298 141 255 255
0093_0224_0082_0118_0118.jpg 1 224 82 118 118
0094_0320_0252_0076_0076.jpg 1 320 252 76 76
0095_0181_0099_0177_0177.jpg 1 181 99 177 177
0096_0081_0034_0142_0142.jpg 1 81 34 142 142
0097_0072_0162_0186_0186.jpg 1 72 162 186 186
0098_0117_0087_0062_0062.jpg 1 117 87 62 62
0099_0021_0058_0111_0111.jpg 1 21 58 111 111
0100_0038_0077_0129_0129.jpg 1 38 77 129 129
0101_0064_0112_0106_0106.jpg 1 64 112 106 106
0102_0049_0105_0296_0296.jpg 1 49 105 296 296
0103_0027_0052_0078_0078.jpg 1 27 52 78 78
0104_0106_0293_0103_0103.jpg 1 106 293 103 103
0105_0177_0161_0059_0059.jpg 1 177 161 59 59
0106_0037_0045_0144_0144.jpg 1 37 45 144 144
0107_0125_0037_0085_0085.jpg 1 125 37 85 85
0108_0048_0116_0105_0105.jpg 1 48 116 105 105
0109_0225_0197_0222_0222.jpg 1 225 197 222 222
0110_0024_0176_0291_0291.jpg 1 24 176 291 291
0111_0341_0258_0086_0086.jpg 1 341 258 86 86
0112_0111_0105_0325_0325.jpg 1 111 105 325 325
0113_0175_0084_0209_0209.jpg 1 175 84 209 209
0114_0066_0070_0052_0052.jpg 1 66 70 52 52
0115_0064_0057_0150_0150.jpg 1 64 57 150 150
0116_0079_0091_0126_0126.jpg 1 79 91 126 126
0117_0469_0089_0108_0108.jpg 1 469 89 108 108
0118_0027_0099_0093_0093.jpg 1 27 99 93 93
0119_0149_0013_0144_0144.jpg 1 149 13 144 144
0120_0084_0064_0248_0248.jpg 1 84 64 248 248
0121_0181_0051_0078_0078.jpg 1 181 51 78 78
0122_0097_0256_0185_0185.jpg 1 97 256 185 185
0123_0035_0125_0092_0092.jpg 1 35 125 92 92
0124_0193_0094_0093_0093.jpg 1 193 94 93 93
0125_0098_0013_0089_0089.jpg 1 98 13 89 89
0126_0068_0051_0153_0153.jpg 1 68 51 153 153
0127_0188_0022_0264_0264.jpg 1 188 22 264 264
0128_0264_0154_0233_0233.jpg 1 264 154 233 233
0001_0205_0255_0185_0185.jpg 1 205 255 185 185
0002_0062_0060_0137_0137.jpg 1 62 60 137 137
0003_0044_0063_0070_0070.jpg 1 44 63 70 70
0004_0296_0354_0123_0123.jpg 1 296 354 123 123
0005_0025_0017_0080_0080.jpg 1 25 17 80 80
0006_0074_0023_0088_0088.jpg 1 74 23 88 88
0007_0019_0082_0075_0075.jpg 1 19 82 75 75
0008_0027_0099_0070_0070.jpg 1 27 99 70 70
0009_0147_0146_0308_0308.jpg 1 147 146 308 308
0010_0334_0115_0227_0227.jpg 1 334 115 227 227
0011_0081_0021_0125_0125.jpg 1 81 21 125 125
0012_0378_0081_0121_0121.jpg 1 378 81 121 121
0013_0118_0334_0073_0073.jpg 1 118 334 73 73
0014_0092_0026_0158_0158.jpg 1 92 26 158 158
0015_0083_0098_0120_0120.jpg 1 83 98 120 120
0016_0161_0270_0103_0103.jpg 1 161 270 103 103
0017_0016_0039_0156_0156.jpg 1 16 39 156 156
0018_0181_0024_0299_0299.jpg 1 181 24 299 299
0019_0277_0087_0282_0282.jpg 1 277 87 282 282
0020_0167_0171_0285_0285.jpg 1 167 171 285 285
0021_0035_0299_0254_0254.jpg 1 35 299 254 254
0022_0099_0009_0151_0151.jpg 1 99 9 151 151
0023_0072_0117_0054_0054.jpg 1 72 117 54 54
0024_0218_0187_0081_0081.jpg 1 218 187 81 81
0025_0211_0123_0139_0139.jpg 1 211 123 139 139
0026_0029_0028_0165_0165.jpg 1 29 28 165 165
0027_0052_0045_0157_0157.jpg 1 52 45 157 157
0028_0079_0133_0227_0227.jpg 1 79 133 227 227
0029_0045_0166_0225_0225.jpg 1 45 166 225 225
0030_0053_0017_0135_0135.jpg 1 53 17 135 135
0031_0036_0043_0103_0103.jpg 1 36 43 103 103
0032_0091_0168_0052_0052.jpg 1 91 168 52 52
0033_0084_0048_0128_0128.jpg 1 84 48 128 128
0034_0160_0191_0156_0156.jpg 1 160 191 156 156
0035_0283_0115_0055_0055.jpg 1 283 115 55 55
0036_0073_0147_0233_0233.jpg 1 73 147 233 233
0037_0057_0122_0081_0081.jpg 1 57 122 81 81
0038_0105_0117_0075_0075.jpg 1 105 117 75 75
0039_0056_0128_0168_0168.jpg 1 56 128 168 168
0040_0328_0052_0062_0062.jpg 1 328 52 62 62
0041_0248_0260_0189_0189.jpg 1 248 260 189 189
0042_0475_0202_0100_0100.jpg 1 475 202 100 100
0043_0188_0088_0050_0050.jpg 1 188 88 50 50
0044_0229_0145_0236_0236.jpg 1 229 145 236 236
0045_0288_0322_0053_0053.jpg 1 288 322 53 53
0046_0207_0105_0329_0329.jpg 1 207 105 329 329
0047_0373_0039_0209_0209.jpg 1 373 39 209 209
0048_0357_0122_0218_0218.jpg 1 357 122 218 218
0049_0137_0093_0096_0096.jpg 1 137 93 96 96
0050_0046_0121_0090_0090.jpg 1 46 121 90 90
0051_0165_0211_0207_0207.jpg 1 165 211 207 207
0052_0198_0129_0132_0132.jpg 1 198 129 132 132
0053_0154_0089_0068_0068.jpg 1 154 89 68 68
0054_0194_0039_0262_0262.jpg 1 194 39 262 262
0055_0164_0141_0139_0139.jpg 1 164 141 139 139
0056_0199_0088_0052_0052.jpg 1 199 88 52 52
0057_0059_0026_0108_0108.jpg 1 59 26 108 108
0058_0031_0093_0135_0135.jpg 1 31 93 135 135
0059_0400_0076_0067_0067.jpg 1 400 76 67 67
0060_0030_0044_0132_0132.jpg 1 30 44 132 132
0061_0064_0049_0074_0074.jpg 1 64 49 74 74
0062_0138_0058_0130_0130.jpg 1 138 58 130 130
0063_0365_0088_0066_0066.jpg 1 365 88 66 66
0064_0117_0079_0238_0238.jpg 1 117 79 238 238
0065_0121_0107_0085_0085.jpg 1 121 107 85 85
0066_0173_0108_0332_0332.jpg 1 173 108 332 332
0067_0131_0078_0076_0076.jpg 1 131 78 76 76
0068_0141_0112_0264_0264.jpg 1 141 112 264 264
0069_0059_0269_0135_0135.jpg 1 59 269 135 135
0070_0070_0066_0108_0108.jpg 1 70 66 108 108
0071_0088_0099_0091_0091.jpg 1 88 99 91 91
0072_0087_0369_0080_0080.jpg 1 87 369 80 80
0073_0079_0153_0048_0048.jpg 1 79 153 48 48
0074_0042_0031_0108_0108.jpg 1 42 31 108 108
0075_0093_0161_0297_0297.jpg 1 93 161 297 297
0076_0120_0073_0102_0102.jpg 1 120 73 102 102
0077_0202_0141_0254_0254.jpg 1 202 141 254 254
0078_0296_0133_0282_0282.jpg 1 296 133 282 282
0079_0086_0105_0111_0111.jpg 1 86 105 111 111
0080_0167_0118_0227_0227.jpg 1 167 118 227 227
0081_0428_0156_0138_0138.jpg 1 428 156 138 138
0082_0275_0140_0321_0321.jpg 1 275 140 321 321
0083_0098_0047_0064_0064.jpg 1 98 47 64 64
0084_0324_0209_0181_0181.jpg 1 324 209 181 181
0085_0027_0102_0102_0102.jpg 1 27 102 102 102
0086_0139_0072_0268_0268.jpg 1 139 72 268 268
0087_0043_0077_0114_0114.jpg 1 43 77 114 114
0088_0121_0108_0287_0287.jpg 1 121 108 287 287
0089_0400_0279_0169_0169.jpg 1 400 279 169 169
0090_0295_0211_0216_0216.jpg 1 295 211 216 216
0091_0071_0090_0067_0067.jpg 1 71 90 67 67
0092_0207_0036_0146_0146.jpg 1 207 36 146 146
0093_0250_0095_0320_0320.jpg 1 250 95 320 320
0094_0185_0035_0070_0070.jpg 1 185 35 70 70
0095_0034_0115_0087_0087.jpg 1 34 115 87 87
0096_0191_0030_0249_0249.jpg 1 191 30 249 249
0097_0166_0069_0095_0095.jpg 1 166 69 95 95
0098_0041_0342_0151_0151.jpg 1 41 342 151 151
0099_0098_0177_0169_0169.jpg 1 98 177 169 169
0100_0014_0110_0112_0112.jpg 1 14 110 112 112
0101_0172_0225_0201_0201.jpg 1 172 225 201 201
0102_0062_0249_0197_0197.jpg 1 62 249 197 197
0103_0038_0037_0121_0121.jpg 1 38 37 121 121
0104_0287_0121_0289_0289.jpg 1 287 121 289 289
0105_0041_0128_0095_0095.jpg 1 41 128 95 95
0106_0111_0100_0089_0089.jpg 1 111 100 89 89
0107_0308_0211_0081_0081.jpg 1 308 211 81 81
0108_0178_0079_0110_0110.jpg 1 178 79 110 110
0109_0290_0195_0236_0236.jpg 1 290 195 236 236
0110_0372_0126_0108_0108.jpg 1 372 126 108 108
0111_0071_0139_0066_0066.jpg 1 71 139 66 66
0112_0091_0121_0309_0309.jpg 1 91 121 309 309
0113_0013_0110_0096_0096.jpg 1 13 110 96 96
0114_0070_0164_0221_0221.jpg 1 70 164 221 221
0115_0384_0188_0120_0120.jpg 1 384 188 120 120
0116_0213_0176_0183_0183.jpg 1 213 176 183 183
0117_0263_0184_0179_0179.jpg 1 263 184 179 179
0118_0063_0132_0131_0131.jpg 1 63 132 131 131
0119_0036_0114_0107_0107.jpg 1 36 114 107 107
0120_0234_0198_0155_0155.jpg 1 234 198 155 155
0121_0078_0183_0186_0186.jpg 1 78 183 186 186
0122_0114_0063_0323_0323.jpg 1 114 63 323 323
0123_0065_0242_0161_0161.jpg 1 65 242 161 161
0124_0093_0472_0081_0081.jpg 1 93 472 81 81
0125_0088_0069_0049_0049.jpg 1 88 69 49 49
0126_0227_0135_0236_0236.jpg 1 227 135 236 236
0127_0252_0052_0203_0203.jpg 1 252 52 203 203
0128_0337_0162_0088_0088.jpg 1 337 162 88 88
0001_0393_0198_0147_0147.jpg 1 393 198 147 147
0002_0112_0201_0197_0197.jpg 1 112 201 197 197
0003_0171_0125_0170_0170.jpg 1 171 125 170 170
0004_0078_0068_0106_0106.jpg 1 78 68 106 106
0005_0140_0039_0103_0103.jpg 1 140 39 103 103
0006_0147_0131_0294_0294.jpg 1 147 131 294 294
0007_0163_0174_0255_0255.jpg 1 163 174 255 255
0008_0108_0077_0250_0250.jpg 1 108 77 250 250
0009_0330_0144_0240_0240.jpg 1 330 144 240 240
0010_0259_0068_0323_0323.jpg 1 259 68 323 323
0011_0089_0052_0135_0135.jpg 1 89 52 135 135
0012_0134_0176_0057_0057.jpg 1 134 176 57 57
0013_0128_0144_0064_0064.jpg 1 128 144 64 64
0014_0042_0048_0311_0311.jpg 1 42 48 311 311
0015_0100_0084_0122_0122.jpg 1 100 84 122 122
0016_0082_0144_0285_0285.jpg 1 82 144 285 285
0017_0047_0105_0074_0074.jpg 1 47 105 74 74
0018_0249_0240_0093_0093.jpg 1 249 240 93 93
0019_0119_0066_0265_0265.jpg 1 119 66 265 265
0020_0351_0059_0245_0245.jpg 1 351 59 245 245
0021_0037_0040_0097_0097.jpg 1 37 40 97 97
0022_0062_0104_0311_0311.jpg 1 62 104 311 311
0023_0041_0047_0053_0053.jpg 1 41 47 53 53
0024_0407_0125_0103_0103.jpg 1 407 125 103 103
0025_0027_0026_0130_0130.jpg 1 27 26 130 130
0026_0103_0054_0108_0108.jpg 1 103 54 108 108
0027_0211_0037_0074_0074.jpg 1 211 37 74 74
0028_0073_0121_0076_0076.jpg 1 73 121 76 76
0029_0414_0361_0052_0052.jpg 1 414 361 52 52
0030_0098_0148_0236_0236.jpg 1 98 148 236 236
0031_0150_0010_0117_0117.jpg 1 150 10 117 117
0032_0047_0140_0054_0054.jpg 1 47 140 54 54
0033_0093_0050_0153_0153.jpg 1 93 50 153 153
0034_0182_0185_0162_0162.jpg 1 182 185 162 162
0035_0038_0074_0149_0149.jpg 1 38 74 149 149
0036_0118_0074_0313_0313.jpg 1 118 74 313 313
0037_0295_0111_0292_0292.jpg 1 295 111 292 292
0038_0315_0070_0077_0077.jpg 1 315 70 77 77
0039_0091_0122_0174_0174.jpg 1 91 122 174 174
0040_0086_0030_0147_0147.jpg 1 86 30 147 147
0041_0082_0057_0150_0150.jpg 1 82 57 150 150
0042_0121_0125_0141_0141.jpg 1 121 125 141 141
0043_0177_0143_0063_0063.jpg 1 177 143 63 63
0044_0083_0035_0140_0140.jpg 1 83 35 140 140
0045_0294_0195_0218_0218.jpg 1 294 195 218 218
0046_0509_0228_0071_0071.jpg 1 509 228 71 71
0047_0300_0159_0218_0218.jpg 1 300 159 218 218
0048_0315_0043_0275_0275.jpg 1 315 43 275 275
0049_0111_0091_0084_0084.jpg 1 111 91 84 84
0050_0134_0147_0075_0075.jpg 1 134 147 75 75
0051_0065_0062_0123_0123.jpg 1 65 62 123 123
0052_0272_0214_0133_0133.jpg 1 272 214 133 133
0053_0206_0083_0067_0067.jpg 1 206 83 67 67
0054_0303_0083_0287_0287.jpg 1 303 83 287 287
0055_0176_0080_0069_0069.jpg 1 176 80 69 69
0056_0084_0065_0163_0163.jpg 1 84 65 163 163
0057_0073_0075_0119_0119.jpg 1 73 75 119 119
0058_0054_0083_0086_0086.jpg 1 54 83 86 86
0059_0110_0069_0139_0139.jpg 1 110 69 139 139
0060_0354_0147_0239_0239.jpg 1 354 147 239 239
0061_0083_0166_0053_0053.jpg 1 83 166 53 53
0062_0308_0155_0168_0168.jpg 1 308 155 168 168
0063_0098_0071_0230_0230.jpg 1 98 71 230 230
0064_0053_0084_0126_0126.jpg 1 53 84 126 126
0065_0204_0092_0080_0080.jpg 1 204 92 80 80
0066_0178_0264_0135_0135.jpg 1 178 264 135 135
0067_0133_0007_0125_0125.jpg 1 133 7 125 125
0068_0145_0110_0297_0297.jpg 1 145 110 297 297
0069_0045_0073_0091_0091.jpg 1 45 73 91 91
0070_0105_0046_0114_0114.jpg 1 105 46 114 114
0071_0439_0280_0079_0079.jpg 1 439 280 79 79
0072_0207_0148_0281_0281.jpg 1 207 148 281 281
0073_0118_0124_0206_0206.jpg 1 118 124 206 206
0074_0333_0130_0088_0088.jpg 1 333 130 88 88
0075_0035_0073_0141_0141.jpg 1 35 73 141 141
0076_0088_0164_0179_0179.jpg 1 88 164 179 179
0077_0067_0045_0119_0119.jpg 1 67 45 119 119
0078_0238_0098_0261_0261.jpg 1 238 98 261 261
0079_0129_0181_0099_0099.jpg 1 129 181 99 99
0080_0411_0118_0106_0106.jpg 1 411 118 106 106
0081_0240_0036_0303_0303.jpg 1 240 36 303 303
0082_0055_0069_0068_0068.jpg 1 55 69 68 68
0083_0337_0102_0219_0219.jpg 1 337 102 219 219
0084_0239_0437_0092_0092.jpg 1 239 437 92 92
0085_0099_0025_0091_0091.jpg 1 99 25 91 91
0086_0229_0213_0111_0111.jpg 1 229 213 111 111
0087_0152_0027_0308_0308.jpg 1 152 27 308 308
0088_0098_0026_0135_0135.jpg 1 98 26 135 135
0089_0042_0078_0055_0055.jpg 1 42 78 55 55
0090_0360_0230_0216_0216.jpg 1 360 230 216 216
0091_0159_0035_0169_0169.jpg 1 159 35 169 169
0092_0052_0032_0058_0058.jpg 1 52 32 58 58
0093_0118_0107_0302_0302.jpg 1 118 107 302 302
0094_0131_0164_0072_0072.jpg 1 131 164 72 72
0095_0108_0101_0230_0230.jpg 1 108 101 230 230
0096_0090_0024_0095_0095.jpg 1 90 24 95 95
0097_0032_0054_0167_0167.jpg 1 32 54 167 167
0098_0159_0110_0085_0085.jpg 1 159 110 85 85
0099_0017_0067_0073_0073.jpg 1 17 67 73 73
0100_0036_0049_0087_0087.jpg 1 36 49 87 87
0101_0159_0037_0100_0100.jpg 1 159 37 100 100
0102_0092_0093_0134_0134.jpg 1 92 93 134 134
0103_0148_0032_0274_0274.jpg 1 148 32 274 274
0104_0076_0048_0138_0138.jpg 1 76 48 138 138
0105_0091_0117_0187_0187.jpg 1 91 117 187 187
0106_0222_0245_0128_0128.jpg 1 222 245 128 128
0107_0078_0042_0273_0273.jpg 1 78 42 273 273
0108_0284_0153_0122_0122.jpg 1 284 153 122 122
0109_0174_0096_0115_0115.jpg 1 174 96 115 115
0110_0300_0141_0200_0200.jpg 1 300 141 200 200
0111_0078_0136_0324_0324.jpg 1 78 136 324 324
0112_0253_0158_0296_0296.jpg 1 253 158 296 296
0113_0334_0143_0241_0241.jpg 1 334 143 241 241
0114_0395_0164_0076_0076.jpg 1 395 164 76 76
0115_0045_0238_0321_0321.jpg 1 45 238 321 321
0116_0307_0172_0217_0217.jpg 1 307 172 217 217
0117_0138_0167_0145_0145.jpg 1 138 167 145 145
0118_0029_0064_0159_0159.jpg 1 29 64 159 159
0119_0042_0011_0142_0142.jpg 1 42 11 142 142
0120_0066_0242_0076_0076.jpg 1 66 242 76 76
0121_0344_0221_0218_0218.jpg 1 344 221 218 218
0122_0234_0196_0244_0244.jpg 1 234 196 244 244
0123_0144_0161_0051_0051.jpg 1 144 161 51 51
0124_0160_0031_0141_0141.jpg 1 160 31 141 141
0125_0057_0024_0112_0112.jpg 1 57 24 112 112
0126_0136_0181_0145_0145.jpg 1 136 181 145 145
0127_0341_0134_0216_0216.jpg 1 341 134 216 216
0128_0261_0320_0089_0089.jpg 1 261 320 89 89
0001_0134_0163_0255_0255.jpg 1 134 163 255 255
0002_0307_0111_0104_0104.jpg 1 307 111 104 104
0003_0016_0155_0058_0058.jpg 1 16 155 58 58
0004_0281_0173_0254_0254.jpg 1 281 173 254 254
0005_0190_0247_0201_0201.jpg 1 190 247 201 201
0006_0085_0064_0183_0183.jpg 1 85 64 183 183
0007_0086_0042_0096_0096.jpg 1 86 42 96 96
0008_0346_0156_0143_0143.jpg 1 346 156 143 143
0009_0168_0123_0051_0051.jpg 1 168 123 51 51
0010_0407_0209_0164_0164.jpg 1 407 209 164 164
0011_0261_0079_0130_0130.jpg 1 261 79 130 130
0012_0117_0037_0223_0223.jpg 1 117 37 223 223
0013_0153_0063_0129_0129.jpg 1 153 63 129 129
0014_0236_0078_0319_0319.jpg 1 236 78 319 319
0015_0085_0086_0281_0281.jpg 1 85 86 281 281
0016_0118_0323_0155_0155.jpg 1 118 323 155 155
0017_0029_0149_0066_0066.jpg 1 29 149 66 66
0018_0318_0085_0072_0072.jpg 1 318 85 72 72
0019_0165_0087_0131_0131.jpg 1 165 87 131 131
0020_0045_0031_0052_0052.jpg 1 45 31 52 52
0021_0206_0032_0073_0073.jpg 1 206 32 73 73
0022_0250_0188_0257_0257.jpg 1 250 188 257 257
0023_0049_0071_0334_0334.jpg 1 49 71 334 334
0024_0091_0119_0302_0302.jpg 1 91 119 302 302
0025_0410_0135_0119_0119.jpg 1 410 135 119 119
0026_0281_0159_0285_0285.jpg 1 281 159 285 285
0027_0090_0071_0309_0309.jpg 1 90 71 309 309
0028_0102_0039_0151_0151.jpg 1 102 39 151 151
0029_0179_0081_0066_0066.jpg 1 179 81 66 66
0030_0020_0017_0164_0164.jpg 1 20 17 164 164
0031_0033_0026_0334_0334.jpg 1 33 26 334 334
0032_0109_0037_0080_0080.jpg 1 109 37 80 80
0033_0131_0125_0060_0060.jpg 1 131 125 60 60
0034_0297_0046_0140_0140.jpg 1 297 46 140 140
0035_0039_0025_0132_0132.jpg 1 39 25 132 132
0036_0142_0206_0083_0083.jpg 1 142 206 83 83
0037_0042_0027_0052_0052.jpg 1 42 27 52 52
0038_0060_0059_0123_0123.jpg 1 60 59 123 123
0039_0071_0092_0120_0120.jpg 1 71 92 120 120
0040_0165_0272_0079_0079.jpg 1 165 272 79 79
0041_0205_0049_0276_0276.jpg 1 205 49 276 276
0042_0048_0022_0103_0103.jpg 1 48 22 103 103
0043_0251_0217_0055_0055.jpg 1 251 217 55 55
0044_0066_0033_0157_0157.jpg 1 66 33 157 157
0045_0104_0111_0209_0209.jpg 1 104 111 209 209
0046_0111_0072_0079_0079.jpg 1 111 72 79 79
0047_0169_0063_0130_0130.jpg 1 169 63 130 130
0048_0091_0139_0269_0269.jpg 1 91 139 269 269
0049_0136_0126_0097_0097.jpg 1 136 126 97 97
0050_0063_0136_0060_0060.jpg 1 63 136 60 60
0051_0024_0026_0160_0160.jpg 1 24 26 160 160
0052_0167_0074_0084_0084.jpg 1 167 74 84 84
0053_0311_0107_0264_0264.jpg 1 311 107 264 264
0054_0256_0119_0273_0273.jpg 1 256 119 273 273
0055_0046_0093_0217_0217.jpg 1 46 93 217 217
0056_0076_0172_0220_0220.jpg 1 76 172 220 220
0057_0325_0317_0098_0098.jpg 1 325 317 98 98
0058_0131_0054_0053_0053.jpg 1 131 54 53 53
0059_0241_0192_0178_0178.jpg 1 241 192 178 178
0060_0073_0041_0055_0055.jpg 1 73 41 55 55
0061_0057_0025_0156_0156.jpg 1 57 25 156 156
0062_0143_0082_0328_0328.jpg 1 143 82 328 328
0063_0210_0106_0290_0290.jpg 1 210 106 290 290
0064_0167_0102_0053_0053.jpg 1 167 102 53 53
0065_0031_0086_0102_0102.jpg 1 31 86 102 102
0066_0246_0254_0160_0160.jpg 1 246 254 160 160
0067_0217_0113_0187_0187.jpg 1 217 113 187 187
0068_0081_0083_0088_0088.jpg 1 81 83 88 88
0069_0074_0054_0124_0124.jpg 1 74 54 124 124
0070_0078_0113_0165_0165.jpg 1 78 113 165 165
0071_0091_0302_0065_0065.jpg 1 91 302 65 65
0072_0219_0191_0212_0212.jpg 1 219 191 212 212
0073_0150_0211_0229_0229.jpg 1 150 211 229 229
0074_0177_0093_0133_0133.jpg 1 177 93 133 133
0075_0013_0071_0127_0127.jpg 1 13 71 127 127
0076_0041_0105_0128_0128.jpg 1 41 105 128 128
0077_0105_0291_0100_0100.jpg 1 105 291 100 100
0078_0132_0031_0099_0099.jpg 1 132 31 99 99
0079_0161_0089_0124_0124.jpg 1 161 89 124 124
0080_0137_0141_0249_0249.jpg 1 137 141 249 249
0081_0115_0072_0154_0154.jpg 1 115 72 154 154
0082_0106_0017_0104_0104.jpg 1 106 17 104 104
0083_0141_0212_0101_0101.jpg 1 141 212 101 101
0084_0168_0106_0052_0052.jpg 1 168 106 52 52
0085_0138_0074_0107_0107.jpg 1 138 74 107 107
0086_0154_0171_0258_0258.jpg 1 154 171 258 258
0087_0182_0223_0208_0208.jpg 1 182 223 208 208
0088_0361_0350_0057_0057.jpg 1 361 350 57 57
0089_0215_0153_0307_0307.jpg 1 215 153 307 307
0090_0136_0086_0105_0105.jpg 1 136 86 105 105
0091_0044_0113_0051_0051.jpg 1 44 113 51 51
0092_0203_0073_0066_0066.jpg 1 203 73 66 66
0093_0184_0061_0135_0135.jpg 1 184 61 135 135
0094_0027_0284_0297_0297.jpg 1 27 284 297 297
0095_0129_0309_0285_0285.jpg 1 129 309 285 285
0096_0111_0078_0319_0319.jpg 1 111 78 319 319
0097_0156_0028_0089_0089.jpg 1 156 28 89 89
0098_0339_0152_0080_0080.jpg 1 339 152 80 80
0099_0046_0132_0050_0050.jpg 1 46 132 50 50
0100_0360_0164_0112_0112.jpg 1 360 164 112 112
0101_0240_0127_0266_0266.jpg 1 240 127 266 266
0102_0152_0171_0247_0247.jpg 1 152 171 247 247
0103_0097_0080_0280_0280.jpg 1 97 80 280 280
0104_0300_0121_0259_0259.jpg 1 300 121 259 259
0105_0078_0123_0315_0315.jpg 1 78 123 315 315
0106_0151_0022_0134_0134.jpg 1 151 22 134 134
0107_0142_0170_0179_0179.jpg 1 142 170 179 179
0108_0454_0118_0121_0121.jpg 1 454 118 121 121
0109_0110_0119_0283_0283.jpg 1 110 119 283 283
0110_0168_0012_0114_0114.jpg 1 168 12 114 114
0111_0078_0157_0052_0052.jpg 1 78 157 52 52
0112_0008_0131_0093_0093.jpg 1 8 131 93 93
0113_0244_0130_0300_0300.jpg 1 244 130 300 300
0114_0044_0041_0136_0136.jpg 1 44 41 136 136
0115_0099_0069_0118_0118.jpg 1 99 69 118 118
0116_0069_0017_0166_0166.jpg 1 69 17 166 166
0117_0043_0067_0297_0297.jpg 1 43 67 297 297
0118_0055_0086_0052_0052.jpg 1 55 86 52 52
0119_0045_0099_0123_0123.jpg 1 45 99 123 123
0120_0067_0114_0302_0302.jpg 1 67 114 302 302
0121_0192_0148_0267_0267.jpg 1 192 148 267 267
0122_0053_0205_0207_0207.jpg 1 53 205 207 207
0123_0060_0075_0083_0083.jpg 1 60 75 83 83
0124_0194_0035_0146_0146.jpg 1 194 35 146 146
0125_0140_0054_0072_0072.jpg 1 140 54 72 72
0126_0057_0179_0064_0064.jpg 1 57 179 64 64
0127_0392_0289_0104_0104.jpg 1 392 289 104 104
0128_0043_0093_0106_0106.jpg 1 43 93 106 106
0001_0340_0142_0242_0242.jpg 1 340 142 242 242
0002_0247_0242_0140_0140.jpg 1 247 242 140 140
0003_0028_0027_0158_0158.jpg 1 28 27 158 158
0004_0062_0019_0120_0120.jpg 1 62 19 120 120
0005_0155_0233_0135_0135.jpg 1 155 233 135 135
0006_0213_0066_0309_0309.jpg 1 213 66 309 309
0007_0022_0026_0132_0132.jpg 1 22 26 132 132
0008_0010_0065_0096_0096.jpg 1 10 65 96 96
0009_0065_0190_0143_0143.jpg 1 65 190 143 143
0010_0047_0059_0107_0107.jpg 1 47 59 107 107
0011_0094_0030_0099_0099.jpg 1 94 30 99 99
0012_0096_0133_0057_0057.jpg 1 96 133 57 57
0013_0180_0019_0076_0076.jpg 1 180 19 76 76
0014_0197_0025_0094_0094.jpg 1 197 25 94 94
0015_0168_0064_0082_0082.jpg 1 168 64 82 82
0016_0362_0253_0066_0066.jpg 1 362 253 66 66
0017_0375_0235_0146_0146.jpg 1 375 235 146 146
0018_0080_0068_0076_0076.jpg 1 80 68 76 76
0019_0239_0297_0049_0049.jpg 1 239 297 49 49
0020_0204_0108_0076_0076.jpg 1 204 108 76 76
0021_0120_0018_0163_0163.jpg 1 120 18 163 163
0022_0025_0082_0089_0089.jpg 1 25 82 89 89
0023_0274_0155_0185_0185.jpg 1 274 155 185 185
0024_0154_0071_0123_0123.jpg 1 154 71 123 123
0025_0053_0066_0054_0054.jpg 1 53 66 54 54
0026_0045_0039_0113_0113.jpg 1 45 39 113 113
0027_0181_0028_0274_0274.jpg 1 181 28 274 274
0028_0097_0011_0167_0167.jpg 1 97 11 167 167
0029_0081_0326_0203_0203.jpg 1 81 326 203 203
0030_0283_0081_0168_0168.jpg 1 283 81 168 168
0031_0323_0215_0181_0181.jpg 1 323 215 181 181
0032_0293_0127_0295_0295.jpg 1 293 127 295 295
0033_0184_0099_0150_0150.jpg 1 184 99 150 150
0034_0156_0450_0072_0072.jpg 1 156 450 72 72
0035_0106_0162_0056_0056.jpg 1 106 162 56 56
0036_0027_0098_0090_0090.jpg 1 27 98 90 90
0037_0432_0181_0147_0147.jpg 1 432 181 147 147
0038_0037_0064_0113_0113.jpg 1 37 64 113 113
0039_0277_0068_0205_0205.jpg 1 277 68 205 205
0040_0098_0165_0055_0055.jpg 1 98 165 55 55
0041_0041_0061_0071_0071.jpg 1 41 61 71 71
0042_0062_0046_0144_0144.jpg 1 62 46 144 144
0043_0118_0097_0076_0076.jpg 1 118 97 76 76
0044_0058_0137_0091_0091.jpg 1 58 137 91 91
0045_0218_0094_0069_0069.jpg 1 218 94 69 69
0046_0129_0119_0322_0322.jpg 1 129 119 322 322
0047_0086_0041_0281_0281.jpg 1 86 41 281 281
0048_0239_0266_0214_0214.jpg 1 239 266 214 214
0049_0150_0078_0185_0185.jpg 1 150 78 185 185
0050_0044_0103_0102_0102.jpg 1 44 103 102 102
0051_0121_0074_0257_0257.jpg 1 121 74 257 257
0052_0303_0335_0054_0054.jpg 1 303 335 54 54
0053_0177_0216_0219_0219.jpg 1 177 216 219 219
0054_0075_0227_0156_0156.jpg 1 75 227 156 156
0055_0069_0056_0112_0112.jpg 1 69 56 112 112
0056_0328_0072_0268_0268.jpg 1 328 72 268 268
0057_0165_0022_0082_0082.jpg 1 165 22 82 82
0058_0054_0053_0316_0316.jpg 1 54 53 316 316
0059_0069_0076_0146_0146.jpg 1 69 76 146 146
0060_0184_0146_0178_0178.jpg 1 184 146 178 178
0061_0161_0095_0101_0101.jpg 1 161 95 101 101
0062_0120_0200_0227_0227.jpg 1 120 200 227 227
0063_0315_0044_0154_0154.jpg 1 315 44 154 154
0064_0204_0261_0188_0188.jpg 1 204 261 188 188
0065_0134_0226_0220_0220.jpg 1 134 226 220 220
0066_0133_0246_0190_0190.jpg 1 133 246 190 190
0067_0122_0100_0055_0055.jpg 1 122 100 55 55
0068_0061_0134_0216_0216.jpg 1 61 134 216 216
0069_0074_0216_0253_0253.jpg 1 74 216 253 253
0070_0173_0109_0145_0145.jpg 1 173 109 145 145
0071_0200_0098_0069_0069.jpg 1 200 98 69 69
0072_0200_0095_0332_0332.jpg 1 200 95 332 332
0073_0162_0079_0200_0200.jpg 1 162 79 200 200
0074_0047_0032_0104_0104.jpg 1 47 32 104 104
0075_0047_0073_0121_0121.jpg 1 47 73 121 121
0076_0057_0079_0091_0091.jpg 1 57 79 91 91
0077_0266_0129_0074_0074.jpg 1 266 129 74 74
0078_0134_0090_0053_0053.jpg 1 134 90 53 53
0079_0122_0073_0145_0145.jpg 1 122 73 145 145
0080_0273_0111_0330_0330.jpg 1 273 111 330 330
0081_0172_0063_0124_0124.jpg 1 172 63 124 124
0082_0254_0078_0330_0330.jpg 1 254 78 330 330
0083_0170_0145_0058_0058.jpg 1 170 145 58 58
0084_0135_0058_0071_0071.jpg 1 135 58 71 71
0085_0465_0159_0073_0073.jpg 1 465 159 73 73
0086_0115_0092_0280_0280.jpg 1 115 92 280 280
0087_0184_0053_0097_0097.jpg 1 184 53 97 97
0088_0310_0180_0143_0143.jpg 1 310 180 143 143
0089_0068_0073_0085_0085.jpg 1 68 73 85 85
0090_0127_0156_0218_0218.jpg 1 127 156 218 218
0091_0222_0287_0170_0170.jpg 1 222 287 170 170
0092_0054_0051_0129_0129.jpg 1 54 51 129 129
0093_0146_0078_0053_0053.jpg 1 146 78 53 53
0094_0043_0107_0115_0115.jpg 1 43 107 115 115
0095_0060_0012_0048_0048.jpg 1 60 12 48 48
0096_0009_0118_0077_0077.jpg 1 9 118 77 77
0097_0103_0358_0084_0084.jpg 1 103 358 84 84
0098_0149_0095_0131_0131.jpg 1 149 95 131 131
0099_0076_0066_0242_0242.jpg 1 76 66 242 242
0100_0182_0013_0115_0115.jpg 1 182 13 115 115
0101_0095_0131_0054_0054.jpg 1 95 131 54 54
0102_0074_0023_0063_0063.jpg 1 74 23 63 63
0103_0100_0048_0097_0097.jpg 1 100 48 97 97
0104_0076_0071_0124_0124.jpg 1 76 71 124 124
0105_0295_0260_0154_0154.jpg 1 295 260 154 154
0106_0423_0270_0056_0056.jpg 1 423 270 56 56
0107_0035_0097_0064_0064.jpg 1 35 97 64 64
0108_0300_0157_0173_0173.jpg 1 300 157 173 173
0109_0123_0085_0058_0058.jpg 1 123 85 58 58
0110_0214_0053_0073_0073.jpg 1 214 53 73 73
0111_0155_0072_0051_0051.jpg 1 155 72 51 51
0112_0219_0070_0064_0064.jpg 1 219 70 64 64
0113_0278_0055_0329_0329.jpg 1 278 55 329 329
0114_0054_0109_0315_0315.jpg 1 54 109 315 315
0115_0421_0293_0109_0109.jpg 1 421 293 109 109
0116_0108_0100_0058_0058.jpg 1 108 100 58 58
0117_0145_0052_0279_0279.jpg 1 145 52 279 279
0118_0067_0077_0078_0078.jpg 1 67 77 78 78
0119_0036_0068_0162_0162.jpg 1 36 68 162 162
0120_0143_0081_0139_0139.jpg 1 143 81 139 139
0121_0206_0029_0068_0068.jpg 1 206 29 68 68
0122_0050_0116_0097_0097.jpg 1 50 116 97 97
0123_0145_0099_0066_0066.jpg 1 145 99 66 66
0124_0070_0246_0233_0233.jpg 1 70 246 233 233
0125_0091_0049_0289_0289.jpg 1 91 49 289 289
0126_0132_0080_0062_0062.jpg 1 132 80 62 62
0127_0060_0033_0105_0105.jpg 1 60 33 105 105
0128_0149_0249_0075_0075.jpg 1 149 249 75 75
0001_0230_0304_0059_0059.jpg 1 230 304 59 59
0002_0034_0040_0097_0097.jpg 1 34 40 97 97
0003_0185_0306_0228_0228.jpg 1 185 306 228 228
0004_0189_0063_0329_0329.jpg 1 189 63 329 329
0005_0296_0156_0255_0255.jpg 1 296 156 255 255
0006_0092_0286_0106_0106.jpg 1 92 286 106 106
0007_0167_0111_0070_0070.jpg 1 167 111 70 70
0008_0073_0034_0075_0075.jpg 1 73 34 75 75
0009_0045_0140_0210_0210.jpg 1 45 140 210 210
0010_0015_0043_0154_0154.jpg 1 15 43 154 154
0011_0061_0012_0128_0128.jpg 1 61 12 128 128
0012_0136_0036_0069_0069.jpg 1 136 36 69 69
0013_0066_0150_0057_0057.jpg 1 66 150 57 57
0014_0027_0119_0097_0097.jpg 1 27 119 97 97
0015_0020_0042_0133_0133.jpg 1 20 42 133 133
0016_0108_0164_0097_0097.jpg 1 108 164 97 97
0017_0283_0060_0282_0282.jpg 1 283 60 282 282
0018_0212_0043_0058_0058.jpg 1 212 43 58 58
0019_0122_0193_0147_0147.jpg 1 122 193 147 147
0020_0346_0245_0197_0197.jpg 1 346 245 197 197
0021_0026_0056_0065_0065.jpg 1 26 56 65 65
0022_0201_0113_0137_0137.jpg 1 201 113 137 137
0023_0445_0273_0122_0122.jpg 1 445 273 122 122
0024_0062_0057_0166_0166.jpg 1 62 57 166 166
0025_0425_0213_0053_0053.jpg 1 425 213 53 53
0026_0054_0098_0106_0106.jpg 1 54 98 106 106
0027_0068_0075_0082_0082.jpg 1 68 75 82 82
0028_0074_0248_0204_0204.jpg 1 74 248 204 204
0029_0460_0052_0090_0090.jpg 1 460 52 90 90
0030_0091_0049_0140_0140.jpg 1 91 49 140 140
0031_0149_0315_0277_0277.jpg 1 149 315 277 277
0032_0148_0128_0243_0243.jpg 1 148 128 243 243
0033_0145_0094_0121_0121.jpg 1 145 94 121 121
0034_0258_0157_0233_0233.jpg 1 258 157 233 233
0035_0296_0033_0207_0207.jpg 1 296 33 207 207
0036_0049_0050_0104_0104.jpg 1 49 50 104 104
0037_0119_0044_0326_0326.jpg 1 119 44 326 326
0038_0026_0043_0091_0091.jpg 1 26 43 91 91
0039_0160_0022_0087_0087.jpg 1 160 22 87 87
0040_0081_0076_0323_0323.jpg 1 81 76 323 323
0041_0050_0047_0063_0063.jpg 1 50 47 63 63
0042_0312_0036_0170_0170.jpg 1 312 36 170 170
0043_0028_0099_0104_0104.jpg 1 28 99 104 104
0044_0231_0112_0106_0106.jpg 1 231 112 106 106
0045_0095_0335_0159_0159.jpg 1 95 335 159 159
0046_0179_0026_0334_0334.jpg 1 179 26 334 334
0047_0029_0018_0162_0162.jpg 1 29 18 162 162
0048_0025_0046_0143_0143.jpg 1 25 46 143 143
0049_0331_0070_0126_0126.jpg 1 331 70 126 126
0050_0082_0079_0086_0086.jpg 1 82 79 86 86
0051_0234_0079_0164_0164.jpg 1 234 79 164 164
0052_0163_0050_0062_0062.jpg 1 163 50 62 62
0053_0164_0145_0259_0259.jpg 1 164 145 259 259
0054_0059_0101_0100_0100.jpg 1 59 101 100 100
0055_0050_0036_0216_0216.jpg 1 50 36 216 216
0056_0012_0078_0085_0085.jpg 1 12 78 85 85
0057_0105_0128_0062_0062.jpg 1 105 128 62 62
0058_0217_0217_0133_0133.jpg 1 217 217 133 133
0059_0094_0050_0134_0134.jpg 1 94 50 134 134
0060_0062_0085_0125_0125.jpg 1 62 85 125 125
0061_0038_0146_0051_0051.jpg 1 38 146 51 51
0062_0084_0018_0119_0119.jpg 1 84 18 119 119
0063_0086_0022_0075_0075.jpg 1 86 22 75 75
0064_0071_0035_0167_0167.jpg 1 71 35 167 167
0065_0055_0117_0100_0100.jpg 1 55 117 100 100
0066_0145_0176_0246_0246.jpg 1 145 176 246 246
0067_0161_0061_0113_0113.jpg 1 161 61 113 113
0068_0325_0123_0119_0119.jpg 1 325 123 119 119
0069_0133_0080_0077_0077.jpg 1 133 80 77 77
0070_0129_0063_0262_0262.jpg 1 129 63 262 262
0071_0056_0099_0081_0081.jpg 1 56 99 81 81
0072_0165_0218_0215_0215.jpg 1 165 218 215 215
0073_0087_0065_0261_0261.jpg 1 87 65 261 261
0074_0060_0111_0100_0100.jpg 1 60 111 100 100
0075_0042_0185_0218_0218.jpg 1 42 185 218 218
0076_0196_0173_0219_0219.jpg 1 196 173 219 219
0077_0079_0062_0168_0168.jpg 1 79 62 168 168
0078_0030_0071_0148_0148.jpg 1 30 71 148 148
0079_0304_0102_0129_0129.jpg 1 304 102 129 129
0080_0288_0053_0304_0304.jpg 1 288 53 304 304
0081_0290_0205_0100_0100.jpg 1 290 205 100 100
0082_0325_0154_0079_0079.jpg 1 325 154 79 79
0083_0390_0090_0167_0167.jpg 1 390 90 167 167
0084_0057_0049_0138_0138.jpg 1 57 49 138 138
0085_0059_0103_0288_0288.jpg 1 59 103 288 288
0086_0251_0115_0213_0213.jpg 1 251 115 213 213
0087_0179_0055_0285_0285.jpg 1 179 55 285 285
0088_0114_0087_0083_0083.jpg 1 114 87 83 83
0089_0118_0127_0092_0092.jpg 1 118 127 92 92
0090_0459_0264_0067_0067.jpg 1 459 264 67 67
0091_0066_0066_0097_0097.jpg 1 66 66 97 97
0092_0045_0051_0133_0133.jpg 1 45 51 133 133
0093_0083_0065_0079_0079.jpg 1 83 65 79 79
0094_0259_0085_0189_0189.jpg 1 259 85 189 189
0095_0070_0057_0056_0056.jpg 1 70 57 56 56
0096_0262_0201_0086_0086.jpg 1 262 201 86 86
0097_0050_0032_0095_0095.jpg 1 50 32 95 95
0098_0455_0132_0057_0057.jpg 1 455 132 57 57
0099_0309_0032_0237_0237.jpg 1 309 32 237 237
0100_0390_0316_0126_0126.jpg 1 390 316 126 126
0101_0123_0017_0067_0067.jpg 1 123 17 67 67
0102_0149_0085_0307_0307.jpg 1 149 85 307 307
0103_0072_0020_0285_0285.jpg 1 72 20 285 285
0104_0070_0037_0252_0252.jpg 1 70 37 252 252
0105_0127_0134_0066_0066.jpg 1 127 134 66 66
0106_0140_0093_0076_0076.jpg 1 140 93 76 76
0107_0346_0058_0197_0197.jpg 1 346 58 197 197
0108_0027_0026_0154_0154.jpg 1 27 26 154 154
0109_0279_0210_0165_0165.jpg 1 279 210 165 165
0110_0035_0027_0144_0144.jpg 1 35 27 144 144
0111_0095_0101_0119_0119.jpg 1 95 101 119 119
0112_0170_0057_0070_0070.jpg 1 170 57 70 70
0113_0318_0050_0052_0052.jpg 1 318 50 52 52
0114_0440_0186_0138_0138.jpg 1 440 186 138 138
0115_0068_0140_0082_0082.jpg 1 68 140 82 82
0116_0032_0026_0064_0064.jpg 1 32 26 64 64
0117_0107_0083_0084_0084.jpg 1 107 83 84 84
0118_0256_0196_0178_0178.jpg 1 256 196 178 178
0119_0509_0094_0062_0062.jpg 1 509 94 62 62
0120_0096_0070_0098_0098.jpg 1 96 70 98 98
0121_0072_0029_0100_0100.jpg 1 72 29 100 100
0122_0104_0055_0067_0067.jpg 1 104 55 67 67
0123_0102_0049_0104_0104.jpg 1 102 49 104 104
0124_0008_0053_0136_0136.jpg 1 8 53 136 136
0125_0015_0108_0063_0063.jpg 1 15 108 63 63
0126_0072_0056_0101_0101.jpg 1 72 56 101 101
0127_0081_0055_0100_0100.jpg 1 81 55 100 100
0128_0421_0042_0065_0065.jpg 1 421 42 65 65
0001_0062_0258_0048_0048.jpg 1 62 258 48 48
0002_0180_0120_0078_0078.jpg 1 180 120 78 78
0003_0059_0034_0094_0094.jpg 1 59 34 94 94
0004_0118_0261_0069_0069.jpg 1 118 261 69 69
0005_0307_0035_0180_0180.jpg 1 307 35 180 180
0006_0027_0025_0134_0134.jpg 1 27 25 134 134
0007_0178_0412_0113_0113.jpg 1 178 412 113 113
0008_0093_0051_0101_0101.jpg 1 93 51 101 101
0009_0109_0033_0161_0161.jpg 1 109 33 161 161
0010_0007_0087_0107_0107.jpg 1 7 87 107 107
0011_0042_0060_0138_0138.jpg 1 42 60 138 138
0012_0071_0069_0096_0096.jpg 1 71 69 96 96
0013_0104_0147_0159_0159.jpg 1 104 147 159 159
0014_0127_0168_0243_0243.jpg 1 127 168 243 243
0015_0034_0038_0161_0161.jpg 1 34 38 161 161
0016_0093_0022_0113_0113.jpg 1 93 22 113 113
0017_0445_0137_0077_0077.jpg 1 445 137 77 77
0018_0093_0074_0093_0093.jpg 1 93 74 93 93
0019_0150_0082_0050_0050.jpg 1 150 82 50 50
0020_0043_0022_0098_0098.jpg 1 43 22 98 98
0021_0221_0095_0065_0065.jpg 1 221 95 65 65
0022_0195_0076_0163_0163.jpg 1 195 76 163 163
0023_0183_0091_0115_0115.jpg 1 183 91 115 115
0024_0185_0067_0150_0150.jpg 1 185 67 150 150
0025_0099_0069_0189_0189.jpg 1 99 69 189 189
0026_0230_0284_0153_0153.jpg 1 230 284 153 153
0027_0209_0042_0087_0087.jpg 1 209 42 87 87
0028_0040_0052_0056_0056.jpg 1 40 52 56 56
0029_0114_0081_0099_0099.jpg 1 114 81 99 99
0030_0067_0088_0127_0127.jpg 1 67 88 127 127
0031_0117_0035_0059_0059.jpg 1 117 35 59 59
0032_0183_0015_0093_0093.jpg 1 183 15 93 93
0033_0033_0117_0048_0048.jpg 1 33 117 48 48
0034_0027_0119_0094_0094.jpg 1 27 119 94 94
0035_0086_0074_0050_0050.jpg 1 86 74 50 50
0036_0088_0016_0159_0159.jpg 1 88 16 159 159
0037_0085_0272_0050_0050.jpg 1 85 272 50 50
0038_0118_0041_0087_0087.jpg 1 118 41 87 87
0039_0046_0037_0107_0107.jpg 1 46 37 107 107
0040_0168_0179_0274_0274.jpg 1 168 179 274 274
0041_0071_0055_0080_0080.jpg 1 71 55 80 80
0042_0057_0116_0310_0310.jpg 1 57 116 310 310
0043_0372_0099_0212_0212.jpg 1 372 99 212 212
0044_0078_0129_0327_0327.jpg 1 78 129 327 327
0045_0081_0089_0323_0323.jpg 1 81 89 323 323
0046_0019_0136_0325_0325.jpg 1 19 136 325 325
0047_0057_0048_0118_0118.jpg 1 57 48 118 118
0048_0029_0110_0102_0102.jpg 1 29 110 102 102
0049_0082_0042_0324_0324.jpg 1 82 42 324 324
0050_0228_0091_0284_0284.jpg 1 228 91 284 284
0051_0086_0104_0186_0186.jpg 1 86 104 186 186
0052_0155_0152_0147_0147.jpg 1 155 152 147 147
0053_0152_0152_0103_0103.jpg 1 152 152 103 103
0054_0193_0047_0061_0061.jpg 1 193 47 61 61
0055_0430_0094_0060_0060.jpg 1 430 94 60 60
0056_0085_0081_0102_0102.jpg 1 85 81 102 102
0057_0113_0069_0086_0086.jpg 1 113 69 86 86
0058_0117_0082_0066_0066.jpg 1 117 82 66 66
0059_0407_0190_0084_0084.jpg 1 407 190 84 84
0060_0081_0052_0085_0085.jpg 1 81 52 85 85
0061_0135_0268_0145_0145.jpg 1 135 268 145 145
0062_0056_0105_0092_0092.jpg 1 56 105 92 92
0063_0219_0144_0169_0169.jpg 1 219 144 169 169
0064_0036_0111_0101_0101.jpg 1 36 111 101 101
0065_0056_0119_0071_0071.jpg 1 56 119 71 71
0066_0077_0135_0214_0214.jpg 1 77 135 214 214
0067_0172_0137_0118_0118.jpg 1 172 137 118 118
0068_0053_0038_0317_0317.jpg 1 53 38 317 317
0069_0083_0139_0333_0333.jpg 1 83 139 333 333
0070_0110_0093_0115_0115.jpg 1 110 93 115 115
0071_0325_0112_0121_0121.jpg 1 325 112 121 121
0072_0144_0217_0312_0312.jpg 1 144 217 312 312
0073_0099_0071_0146_0146.jpg 1 99 71 146 146
0074_0048_0043_0082_0082.jpg 1 48 43 82 82
0075_0051_0029_0094_0094.jpg 1 51 29 94 94
0076_0146_0055_0137_0137.jpg 1 146 55 137 137
0077_0142_0211_0187_0187.jpg 1 142 211 187 187
0078_0139_0100_0109_0109.jpg 1 139 100 109 109
0079_0081_0048_0080_0080.jpg 1 81 48 80 80
0080_0039_0035_0086_0086.jpg 1 39 35 86 86
0081_0017_0022_0158_0158.jpg 1 17 22 158 158
0082_0247_0072_0282_0282.jpg 1 247 72 282 282
0083_0081_0089_0110_0110.jpg 1 81 89 110 110
0084_0031_0039_0071_0071.jpg 1 31 39 71 71
0085_0252_0205_0229_0229.jpg 1 252 205 229 229
0086_0232_0016_0290_0290.jpg 1 232 16 290 290
0087_0132_0038_0102_0102.jpg 1 132 38 102 102
0088_0271_0086_0163_0163.jpg 1 271 86 163 163
0089_0351_0121_0211_0211.jpg 1 351 121 211 211
0090_0050_0060_0165_0165.jpg 1 50 60 165 165
0091_0275_0198_0058_0058.jpg 1 275 198 58 58
0092_0061_0033_0068_0068.jpg 1 61 33 68 68
0093_0483_0120_0067_0067.jpg 1 483 120 67 67
0094_0129_0072_0065_0065.jpg 1 129 72 65 65
0095_0060_0092_0276_0276.jpg 1 60 92 276 276
0096_0086_0123_0100_0100.jpg 1 86 123 100 100
0097_0336_0048_0138_0138.jpg 1 336 48 138 138
0098_0489_0295_0070_0070.jpg 1 489 295 70 70
0099_0013_0132_0061_0061.jpg 1 13 132 61 61
0100_0154_0052_0058_0058.jpg 1 154 52 58 58
0101_0084_0055_0096_0096.jpg 1 84 55 96 96
0102_0215_0277_0118_0118.jpg 1 215 277 118 118
0103_0064_0139_0324_0324.jpg 1 64 139 324 324
0104_0251_0225_0173_0173.jpg 1 251 225 173 173
0105_0033_0038_0147_0147.jpg 1 33 38 147 147
0106_0414_0068_0135_0135.jpg 1 414 68 135 135
0107_0091_0111_0326_0326.jpg 1 91 111 326 326
0108_0168_0126_0234_0234.jpg 1 168 126 234 234
0109_0154_0123_0264_0264.jpg 1 154 123 264 264
0110_0166_0092_0271_0271.jpg 1 166 92 271 271
0111_0021_0116_0085_0085.jpg 1 21 116 85 85
0112_0037_0110_0107_0107.jpg 1 37 110 107 107
0113_0132_0022_0092_0092.jpg 1 132 22 92 92
0114_0035_0057_0064_0064.jpg 1 35 57 64 64
0115_0028_0015_0162_0162.jpg 1 28 15 162 162
0116_0129_0019_0068_0068.jpg 1 129 19 68 68
0117_0103_0076_0106_0106.jpg 1 103 76 106 106
0118_0047_0015_0054_0054.jpg 1 47 15 54 54
0119_0319_0199_0218_0218.jpg 1 319 199 218 218
0120_0321_0102_0268_0268.jpg 1 321 102 268 268
0121_0110_0087_0332_0332.jpg 1 110 87 332 332
0122_0275_0092_0065_0065.jpg 1 275 92 65 65
0123_0395_0197_0097_0097.jpg 1 395 197 97 97
0124_0020_0109_0099_0099.jpg 1 20 109 99 99
0125_0149_0098_0085_0085.jpg 1 149 98 85 85
0126_0057_0161_0049_0049.jpg 1 57 161 49 49
0127_0122_0032_0064_0064.jpg 1 122 32 64 64
0128_0037_0066_0098_0098.jpg 1 37 66 98 98
0001_0045_0064_0103_0103.jpg 1 45 64 103 103
0002_0141_0272_0259_0259.jpg 1 141 272 259 259
0003_0078_0051_0114_0114.jpg 1 78 51 114 114
0004_0077_0048_0247_0247.jpg 1 77 48 247 247
0005_0099_0068_0145_0145.jpg 1 99 68 145 145
0006_0149_0094_0247_0247.jpg 1 149 94 247 247
0007_0044_0121_0080_0080.jpg 1 44 121 80 80
0008_0081_0018_0127_0127.jpg 1 81 18 127 127
0009_0152_0174_0254_0254.jpg 1 152 174 254 254
0010_0102_0071_0258_0258.jpg 1 102 71 258 258
0011_0052_0077_0089_0089.jpg 1 52 77 89 89
0012_0216_0084_0317_0317.jpg 1 216 84 317 317
0013_0050_0034_0093_0093.jpg 1 50 34 93 93
0014_0168_0087_0097_0097.jpg 1 168 87 97 97
0015_0155_0087_0083_0083.jpg 1 155 87 83 83
0016_0137_0122_0065_0065.jpg 1 137 122 65 65
0017_0129_0025_0097_0097.jpg 1 129 25 97 97
0018_0129_0068_0050_0050.jpg 1 129 68 50 50
0019_0365_0286_0128_0128.jpg 1 365 286 128 128
0020_0077_0058_0239_0239.jpg 1 77 58 239 239
0021_0118_0040_0153_0153.jpg 1 118 40 153 153
0022_0328_0126_0131_0131.jpg 1 328 126 131 131
0023_0042_0066_0065_0065.jpg 1 42 66 65 65
0024_0061_0179_0158_0158.jpg 1 61 179 158 158
0025_0188_0081_0051_0051.jpg 1 188 81 51 51
0026_0108_0053_0101_0101.jpg 1 108 53 101 101
0027_0084_0309_0269_0269.jpg 1 84 309 269 269
0028_0118_0170_0191_0191.jpg 1 118 170 191 191
0029_0145_0071_0115_0115.jpg 1 145 71 115 115
0030_0172_0054_0203_0203.jpg 1 172 54 203 203
0031_0208_0137_0236_0236.jpg 1 208 137 236 236
0032_0023_0148_0073_0073.jpg 1 23 148 73 73
0033_0119_0053_0330_0330.jpg 1 119 53 330 330
0034_0079_0126_0267_0267.jpg 1 79 126 267 267
0035_0455_0323_0063_0063.jpg 1 455 323 63 63
0036_0039_0061_0115_0115.jpg 1 39 61 115 115
0037_0158_0369_0055_0055.jpg 1 158 369 55 55
0038_0043_0097_0074_0074.jpg 1 43 97 74 74
0039_0114_0034_0105_0105.jpg 1 114 34 105 105
0040_0046_0032_0081_0081.jpg 1 46 32 81 81
0041_0347_0089_0059_0059.jpg 1 347 89 59 59
0042_0202_0046_0229_0229.jpg 1 202 46 229 229
0043_0062_0019_0146_0146.jpg 1 62 19 146 146
0044_0150_0077_0211_0211.jpg 1 150 77 211 211
0045_0205_0093_0240_0240.jpg 1 205 93 240 240
0046_0112_0021_0048_0048.jpg 1 112 21 48 48
0047_0088_0053_0083_0083.jpg 1 88 53 83 83
0048_0221_0251_0199_0199.jpg 1 221 251 199 199
0049_0071_0034_0236_0236.jpg 1 71 34 236 236
0050_0064_0333_0083_0083.jpg 1 64 333 83 83
0051_0272_0148_0157_0157.jpg 1 272 148 157 157
0052_0076_0055_0099_0099.jpg 1 76 55 99 99
0053_0144_0147_0052_0052.jpg 1 144 147 52 52
0054_0057_0116_0095_0095.jpg 1 57 116 95 95
0055_0088_0026_0113_0113.jpg 1 88 26 113 113
0056_0182_0038_0291_0291.jpg 1 182 38 291 291
0057_0197_0096_0287_0287.jpg 1 197 96 287 287
0058_0197_0119_0309_0309.jpg 1 197 119 309 309
0059_0135_0021_0332_0332.jpg 1 135 21 332 332
0060_0071_0057_0240_0240.jpg 1 71 57 240 240
0061_0186_0048_0100_0100.jpg 1 186 48 100 100
0062_0193_0042_0095_0095.jpg 1 193 42 95 95
0063_0155_0045_0148_0148.jpg 1 155 45 148 148
0064_0246_0120_0129_0129.jpg 1 246 120 129 129
0065_0047_0220_0328_0328.jpg 1 47 220 328 328
0066_0121_0059_0081_0081.jpg 1 121 59 81 81
0067_0045_0091_0093_0093.jpg 1 45 91 93 93
0068_0056_0117_0095_0095.jpg 1 56 117 95 95
0069_0106_0050_0122_0122.jpg 1 106 50 122 122
0070_0056_0093_0072_0072.jpg 1 56 93 72 72
0071_0350_0124_0123_0123.jpg 1 350 124 123 123
0072_0079_0109_0313_0313.jpg 1 79 109 313 313
0073_0313_0214_0123_0123.jpg 1 313 214 123 123
0074_0097_0116_0318_0318.jpg 1 97 116 318 318
0075_0069_0047_0234_0234.jpg 1 69 47 234 234
0076_0222_0042_0069_0069.jpg 1 222 42 69 69
0077_0036_0043_0114_0114.jpg 1 36 43 114 114
0078_0136_0113_0292_0292.jpg 1 136 113 292 292
0079_0107_0047_0148_0148.jpg 1 107 47 148 148
0080_0072_0081_0061_0061.jpg 1 72 81 61 61
0081_0245_0073_0300_0300.jpg 1 245 73 300 300
0082_0032_0020_0081_0081.jpg 1 32 20 81 81
0083_0114_0127_0250_0250.jpg 1 114 127 250 250
0084_0151_0154_0053_0053.jpg 1 151 154 53 53
0085_0214_0109_0195_0195.jpg 1 214 109 195 195
0086_0429_0274_0071_0071.jpg 1 429 274 71 71
0087_0042_0013_0163_0163.jpg 1 42 13 163 163
0088_0175_0086_0249_0249.jpg 1 175 86 249 249
0089_0047_0158_0060_0060.jpg 1 47 158 60 60
0090_0071_0035_0113_0113.jpg 1 71 35 113 113
0091_0094_0069_0089_0089.jpg 1 94 69 89 89
0092_0264_0042_0200_0200.jpg 1 264 42 200 200
0093_0128_0128_0048_0048.jpg 1 128 128 48 48
0094_0091_0372_0192_0192.jpg 1 91 372 192 192
0095_0112_0025_0148_0148.jpg 1 112 25 148 148
0096_0024_0063_0114_0114.jpg 1 24 63 114 114
0097_0504_0057_0066_0066.jpg 1 504 57 66 66
0098_0347_0092_0053_0053.jpg 1 347 92 53 53
0099_0029_0058_0053_0053.jpg 1 29 58 53 53
0100_0075_0101_0048_0048.jpg 1 75 101 48 48
0101_0443_0101_0056_0056.jpg 1 443 101 56 56
0102_0301_0061_0245_0245.jpg 1 301 61 245 245
0103_0014_0054_0082_0082.jpg 1 14 54 82 82
0104_0043_0035_0163_0163.jpg 1 43 35 163 163
0105_0386_0105_0208_0208.jpg 1 386 105 208 208
0106_0070_0291_0063_0063.jpg 1 70 291 63 63
0107_0107_0089_0278_0278.jpg 1 107 89 278 278
0108_0303_0136_0245_0245.jpg 1 303 136 245 245
0109_0230_0339_0050_0050.jpg 1 230 339 50 50
0110_0054_0267_0159_0159.jpg 1 54 267 159 159
0111_0047_0065_0051_0051.jpg 1 47 65 51 51
0112_0442_0040_0114_0114.jpg 1 442 40 114 114
0113_0071_0027_0212_0212.jpg 1 71 27 212 212
0114_0104_0008_0145_0145.jpg 1 104 8 145 145
0115_0138_0021_0141_0141.jpg 1 138 21 141 141
0116_0371_0095_0193_0193.jpg 1 371 95 193 193
0117_0188_0105_0094_0094.jpg 1 188 105 94 94
0118_0134_0053_0201_0201.jpg 1 134 53 201 201
0119_0322_0317_0105_0105.jpg 1 322 317 105 105
0120_0035_0037_0071_0071.jpg 1 35 37 71 71
0121_0222_0267_0054_0054.jpg 1 222 267 54 54
0122_0105_0077_0140_0140.jpg 1 105 77 140 140
0123_0319_0076_0139_0139.jpg 1 319 76 139 139
0124_0182_0201_0193_0193.jpg 1 182 201 193 193
0125_0136_0073_0081_0081.jpg 1 136 73 81 81
0126_0045_0064_0152_0152.jpg 1 45 64 152 152
0127_0015_0124_0050_0050.jpg 1 15 124 50 50
0128_0186_0268_0162_0162.jpg 1 186 268 162 162
0001_0104_0075_0123_0123.jpg 1 104 75 123 123
0002_0063_0054_0114_0114.jpg 1 63 54 114 114
0003_0258_0316_0107_0107.jpg 1 258 316 107 107
0004_0037_0055_0121_0121.jpg 1 37 55 121 121
0005_0126_0053_0101_0101.jpg 1 126 53 101 101
0006_0069_0060_0111_0111.jpg 1 69 60 111 111
0007_0120_0141_0063_0063.jpg 1 120 141 63 63
0008_0171_0074_0300_0300.jpg 1 171 74 300 300
0009_0126_0154_0308_0308.jpg 1 126 154 308 308
0010_0082_0016_0080_0080.jpg 1 82 16 80 80
0011_0048_0064_0117_0117.jpg 1 48 64 117 117
0012_0049_0022_0095_0095.jpg 1 49 22 95 95
0013_0056_0363_0135_0135.jpg 1 56 363 135 135
0014_0038_0128_0319_0319.jpg 1 38 128 319 319
0015_0063_0016_0148_0148.jpg 1 63 16 148 148
0016_0070_0029_0111_0111.jpg 1 70 29 111 111
0017_0164_0048_0068_0068.jpg 1 164 48 68 68
0018_0213_0281_0192_0192.jpg 1 213 281 192 192
0019_0199_0129_0284_0284.jpg 1 199 129 284 284
0020_0021_0093_0078_0078.jpg 1 21 93 78 78
0021_0322_0043_0257_0257.jpg 1 322 43 257 257
0022_0025_0184_0286_0286.jpg 1 25 184 286 286
0023_0080_0078_0120_0120.jpg 1 80 78 120 120
0024_0064_0102_0081_0081.jpg 1 64 102 81 81
0025_0264_0343_0079_0079.jpg 1 264 343 79 79
0026_0126_0065_0322_0322.jpg 1 126 65 322 322
0027_0096_0157_0275_0275.jpg 1 96 157 275 275
0028_0038_0031_0165_0165.jpg 1 38 31 165 165
0029_0172_0212_0153_0153.jpg 1 172 212 153 153
0030_0417_0099_0153_0153.jpg 1 417 99 153 153
0031_0026_0053_0117_0117.jpg 1 26 53 117 117
0032_0049_0054_0149_0149.jpg 1 49 54 149 149
0033_0208_0127_0053_0053.jpg 1 208 127 53 53
0034_0048_0117_0060_0060.jpg 1 48 117 60 60
0035_0167_0160_0268_0268.jpg 1 167 160 268 268
0036_0037_0037_0314_0314.jpg 1 37 37 314 314
0037_0183_0101_0221_0221.jpg 1 183 101 221 221
0038_0071_0074_0077_0077.jpg 1 71 74 77 77
0039_0211_0105_0238_0238.jpg 1 211 105 238 238
0040_0449_0256_0088_0088.jpg 1 449 256 88 88
0041_0156_0139_0196_0196.jpg 1 156 139 196 196
0042_0237_0267_0068_0068.jpg 1 237 267 68 68
0043_0220_0136_0071_0071.jpg 1 220 136 71 71
0044_0152_0160_0125_0125.jpg 1 152 160 125 125
0045_0052_0118_0216_0216.jpg 1 52 118 216 216
0046_0138_0050_0098_0098.jpg 1 138 50 98 98
0047_0018_0029_0159_0159.jpg 1 18 29 159 159
0048_0248_0056_0253_0253.jpg 1 248 56 253 253
0049_0046_0059_0139_0139.jpg 1 46 59 139 139
0050_0047_0025_0149_0149.jpg 1 47 25 149 149
0051_0139_0046_0287_0287.jpg 1 139 46 287 287
0052_0285_0264_0153_0153.jpg 1 285 264 153 153
0053_0219_0275_0103_0103.jpg 1 219 275 103 103
0054_0145_0231_0144_0144.jpg 1 145 231 144 144
0055_0191_0243_0203_0203.jpg 1 191 243 203 203
0056_0141_0118_0101_0101.jpg 1 141 118 101 101
0057_0041_0099_0222_0222.jpg 1 41 99 222 222
0058_0230_0171_0131_0131.jpg 1 230 171 131 131
0059_0075_0075_0117_0117.jpg 1 75 75 117 117
0060_0411_0077_0163_0163.jpg 1 411 77 163 163
0061_0138_0099_0271_0271.jpg 1 138 99 271 271
0062_0165_0087_0124_0124.jpg 1 165 87 124 124
0063_0282_0034_0205_0205.jpg 1 282 34 205 205
0064_0279_0019_0301_0301.jpg 1 279 19 301 301
0065_0034_0055_0327_0327.jpg 1 34 55 327 327
0066_0289_0179_0159_0159.jpg 1 289 179 159 159
0067_0121_0132_0146_0146.jpg 1 121 132 146 146
0068_0088_0150_0166_0166.jpg 1 88 150 166 166
0069_0195_0088_0093_0093.jpg 1 195 88 93 93
0070_0256_0171_0264_0264.jpg 1 256 171 264 264
0071_0048_0254_0102_0102.jpg 1 48 254 102 102
0072_0094_0081_0109_0109.jpg 1 94 81 109 109
0073_0137_0242_0184_0184.jpg 1 137 242 184 184
0074_0244_0173_0061_0061.jpg 1 244 173 61 61
0075_0198_0113_0075_0075.jpg 1 198 113 75 75
0076_0386_0301_0105_0105.jpg 1 386 301 105 105
0077_0037_0116_0107_0107.jpg 1 37 116 107 107
0078_0294_0144_0224_0224.jpg 1 294 144 224 224
0079_0161_0114_0097_0097.jpg 1 161 114 97 97
0080_0040_0275_0162_0162.jpg 1 40 275 162 162
0081_0064_0139_0307_0307.jpg 1 64 139 307 307
0082_0044_0014_0149_0149.jpg 1 44 14 149 149
0083_0188_0129_0254_0254.jpg 1 188 129 254 254
0084_0147_0154_0061_0061.jpg 1 147 154 61 61
0085_0436_0233_0074_0074.jpg 1 436 233 74 74
0086_0141_0137_0068_0068.jpg 1 141 137 68 68
0087_0185_0061_0088_0088.jpg 1 185 61 88 88
0088_0071_0083_0212_0212.jpg 1 71 83 212 212
0089_0133_0053_0111_0111.jpg 1 133 53 111 111
0090_0308_0222_0098_0098.jpg 1 308 222 98 98
0091_0330_0204_0239_0239.jpg 1 330 204 239 239
0092_0322_0153_0128_0128.jpg 1 322 153 128 128
0093_0216_0211_0131_0131.jpg 1 216 211 131 131
0094_0182_0094_0057_0057.jpg 1 182 94 57 57
0095_0281_0053_0280_0280.jpg 1 281 53 280 280
0096_0108_0116_0208_0208.jpg 1 108 116 208 208
0097_0013_0076_0099_0099.jpg 1 13 76 99 99
0098_0028_0039_0146_0146.jpg 1 28 39 146 146
0099_0028_0045_0124_0124.jpg 1 28 45 124 124
0100_0216_0160_0058_0058.jpg 1 216 160 58 58
0101_0209_0018_0076_0076.jpg 1 209 18 76 76
0102_0109_0084_0189_0189.jpg 1 109 84 189 189
0103_0423_0264_0065_0065.jpg 1 423 264 65 65
0104_0075_0027_0122_0122.jpg 1 75 27 122 122
0105_0281_0240_0168_0168.jpg 1 281 240 168 168
0106_0097_0116_0213_0213.jpg 1 97 116 213 213
0107_0316_0172_0260_0260.jpg 1 316 172 260 260
0108_0124_0022_0114_0114.jpg 1 124 22 114 114
0109_0100_0058_0159_0159.jpg 1 100 58 159 159
0110_0119_0132_0061_0061.jpg 1 119 132 61 61
0111_0124_0085_0089_0089.jpg 1 124 85 89 89
0112_0029_0038_0104_0104.jpg 1 29 38 104 104
0113_0182_0029_0248_0248.jpg 1 182 29 248 248
0114_0164_0079_0264_0264.jpg 1 164 79 264 264
0115_0113_0037_0114_0114.jpg 1 113 37 114 114
0116_0121_0027_0091_0091.jpg 1 121 27 91 91
0117_0074_0104_0091_0091.jpg 1 74 104 91 91
0118_0029_0032_0137_0137.jpg 1 29 32 137 137
0119_0052_0023_0054_0054.jpg 1 52 23 54 54
0120_0035_0065_0159_0159.jpg 1 35 65 159 159
0121_0111_0070_0154_0154.jpg 1 111 70 154 154
0122_0242_0098_0157_0157.jpg 1 242 98 157 157
0123_0424_0037_0141_0141.jpg 1 424 37 141 141
0124_0057_0032_0108_0108.jpg 1 57 32 108 108
0125_0099_0058_0115_0115.jpg 1 99 58 115 115
0126_0118_0124_0054_0054.jpg 1 118 124 54 54
0127_0044_0141_0083_0083.jpg 1 44 141 83 83
0128_0111_0056_0268_0268.jpg 1 111 56 268 268
0001_0197_0070_0085_0085.jpg 1 197 70 85 85
0002_0062_0059_0166_0166.jpg 1 62 59 166 166
0003_0103_0087_0099_0099.jpg 1 103 87 99 99
0004_0229_0071_0234_0234.jpg 1 229 71 234 234
0005_0212_0235_0179_0179.jpg 1 212 235 179 179
0006_0024_0044_0050_0050.jpg 1 24 44 50 50
0007_0137_0099_0190_0190.jpg 1 137 99 190 190
0008_0024_0029_0145_0145.jpg 1 24 29 145 145
0009_0056_0031_0077_0077.jpg 1 56 31 77 77
0010_0127_0074_0100_0100.jpg 1 127 74 100 100
0011_0155_0041_0130_0130.jpg 1 155 41 130 130
0012_0047_0039_0118_0118.jpg 1 47 39 118 118
0013_0049_0049_0155_0155.jpg 1 49 49 155 155
0014_0198_0168_0097_0097.jpg 1 198 168 97 97
0015_0117_0048_0123_0123.jpg 1 117 48 123 123
0016_0214_0382_0175_0175.jpg 1 214 382 175 175
0017_0246_0280_0133_0133.jpg 1 246 280 133 133
0018_0244_0293_0065_0065.jpg 1 244 293 65 65
0019_0071_0022_0078_0078.jpg 1 71 22 78 78
0020_0032_0131_0055_0055.jpg 1 32 131 55 55
0021_0276_0161_0227_0227.jpg 1 276 161 227 227
0022_0047_0056_0126_0126.jpg 1 47 56 126 126
0023_0057_0048_0057_0057.jpg 1 57 48 57 57
0024_0167_0026_0299_0299.jpg 1 167 26 299 299
0025_0051_0027_0113_0113.jpg 1 51 27 113 113
0026_0014_0086_0118_0118.jpg 1 14 86 118 118
0027_0220_0135_0271_0271.jpg 1 220 135 271 271
0028_0048_0058_0133_0133.jpg 1 48 58 133 133
0029_0093_0105_0080_0080.jpg 1 93 105 80 80
0030_0103_0060_0099_0099.jpg 1 103 60 99 99
0031_0264_0061_0310_0310.jpg 1 264 61 310 310
0032_0220_0140_0204_0204.jpg 1 220 140 204 204
0033_0025_0067_0076_0076.jpg 1 25 67 76 76
0034_0054_0479_0062_0062.jpg 1 54 479 62 62
0035_0044_0018_0115_0115.jpg 1 44 18 115 115
0036_0321_0057_0054_0054.jpg 1 321 57 54 54
0037_0132_0040_0232_0232.jpg 1 132 40 232 232
0038_0118_0068_0066_0066.jpg 1 118 68 66 66
0039_0073_0027_0291_0291.jpg 1 73 27 291 291
0040_0071_0086_0117_0117.jpg 1 71 86 117 117
0041_0322_0052_0146_0146.jpg 1 322 52 146 146
0042_0091_0129_0066_0066.jpg 1 91 129 66 66
0043_0024_0076_0149_0149.jpg 1 24 76 149 149
0044_0170_0155_0096_0096.jpg 1 170 155 96 96
0045_0184_0078_0312_0312.jpg 1 184 78 312 312
0046_0094_0030_0306_0306.jpg 1 94 30 306 306
0047_0108_0077_0167_0167.jpg 1 108 77 167 167
0048_0053_0059_0070_0070.jpg 1 53 59 70 70
0049_0161_0109_0067_0067.jpg 1 161 109 67 67
0050_0072_0060_0144_0144.jpg 1 72 60 144 144
0051_0092_0049_0316_0316.jpg 1 92 49 316 316
0052_0105_0195_0184_0184.jpg 1 105 195 184 184
0053_0049_0134_0083_0083.jpg 1 49 134 83 83
0054_0106_0045_0304_0304.jpg 1 106 45 304 304
0055_0158_0120_0133_0133.jpg 1 158 120 133 133
0056_0049_0021_0095_0095.jpg 1 49 21 95 95
0057_0070_0044_0323_0323.jpg 1 70 44 323 323
0058_0460_0234_0096_0096.jpg 1 460 234 96 96
0059_0088_0060_0108_0108.jpg 1 88 60 108 108
0060_0066_0100_0113_0113.jpg 1 66 100 113 113
0061_0043_0078_0090_0090.jpg 1 43 78 90 90
0062_0073_0058_0265_0265.jpg 1 73 58 265 265
0063_0081_0131_0096_0096.jpg 1 81 131 96 96
0064_0073_0047_0295_0295.jpg 1 73 47 295 295
0065_0104_0122_0056_0056.jpg 1 104 122 56 56
0066_0059_0167_0066_0066.jpg 1 59 167 66 66
0067_0098_0055_0110_0110.jpg 1 98 55 110 110
0068_0199_0316_0080_0080.jpg 1 199 316 80 80
0069_0048_0093_0245_0245.jpg 1 48 93 245 245
0070_0074_0032_0080_0080.jpg 1 74 32 80 80
0071_0140_0019_0319_0319.jpg 1 140 19 319 319
0072_0061_0029_0100_0100.jpg 1 61 29 100 100
0073_0227_0064_0067_0067.jpg 1 227 64 67 67
0074_0033_0030_0152_0152.jpg 1 33 30 152 152
0075_0084_0081_0106_0106.jpg 1 84 81 106 106
0076_0157_0091_0060_0060.jpg 1 157 91 60 60
0077_0208_0115_0064_0064.jpg 1 208 115 64 64
0078_0021_0065_0122_0122.jpg 1 21 65 122 122
0079_0038_0024_0104_0104.jpg 1 38 24 104 104
0080_0172_0127_0296_0296.jpg 1 172 127 296 296
0081_0219_0222_0078_0078.jpg 1 219 222 78 78
0082_0144_0115_0080_0080.jpg 1 144 115 80 80
0083_0019_0037_0160_0160.jpg 1 19 37 160 160
0084_0147_0143_0049_0049.jpg 1 147 143 49 49
0085_0025_0011_0160_0160.jpg 1 25 11 160 160
0086_0053_0106_0179_0179.jpg 1 53 106 179 179
0087_0020_0062_0140_0140.jpg 1 20 62 140 140
0088_0221_0122_0096_0096.jpg 1 221 122 96 96
0089_0070_0090_0104_0104.jpg 1 70 90 104 104
0090_0042_0078_0057_0057.jpg 1 42 78 57 57
0091_0081_0057_0076_0076.jpg 1 81 57 76 76
0092_0107_0075_0115_0115.jpg 1 107 75 115 115
0093_0023_0135_0059_0059.jpg 1 23 135 59 59
0094_0079_0047_0078_0078.jpg 1 79 47 78 78
0095_0357_0229_0207_0207.jpg 1 357 229 207 207
0096_0506_0126_0064_0064.jpg 1 506 126 64 64
0097_0031_0135_0048_0048.jpg 1 31 135 48 48
0098_0045_0031_0095_0095.jpg 1 45 31 95 95
0099_0222_0039_0070_0070.jpg 1 222 39 70 70
0100_0126_0297_0175_0175.jpg 1 126 297 175 175
0101_0060_0329_0089_0089.jpg 1 60 329 89 89
0102_0093_0043_0134_0134.jpg 1 93 43 134 134
0103_0076_0417_0104_0104.jpg 1 76 417 104 104
0104_0065_0202_0077_0077.jpg 1 65 202 77 77
0105_0089_0117_0285_0285.jpg 1 89 117 285 285
0106_0024_0096_0083_0083.jpg 1 24 96 83 83
0107_0273_0062_0327_0327.jpg 1 273 62 327 327
0108_0055_0107_0060_0060.jpg 1 55 107 60 60
0109_0297_0083_0078_0078.jpg 1 297 83 78 78
0110_0075_0089_0075_0075.jpg 1 75 89 75 75
0111_0283_0280_0134_0134.jpg 1 283 280 134 134
0112_0058_0017_0063_0063.jpg 1 58 17 63 63
0113_0310_0110_0290_0290.jpg 1 310 110 290 290
0114_0187_0097_0255_0255.jpg 1 187 97 255 255
0115_0273_0212_0080_0080.jpg 1 273 212 80 80
0116_0114_0309_0221_0221.jpg 1 114 309 221 221
0117_0060_0043_0065_0065.jpg 1 60 43 65 65
0118_0365_0235_0211_0211.jpg 1 365 235 211 211
0119_0031_0122_0076_0076.jpg 1 31 122 76 76
0120_0018_0082_0118_0118.jpg 1 18 82 118 118
0121_0080_0038_0120_0120.jpg 1 80 38 120 120
0122_0437_0118_0109_0109.jpg 1 437 118 109 109
0123_0379_0073_0207_0207.jpg 1 379 73 207 207
0124_0153_0040_0082_0082.jpg 1 153 40 82 82
0125_0442_0284_0059_0059.jpg 1 442 284 59 59
0126_0100_0027_0106_0106.jpg 1 100 27 106 106
0127_0090_0047_0123_0123.jpg 1 90 47 123 123
0128_0230_0079_0049_0049.jpg 1 230 79 49 49
0001_0024_0050_0163_0163.jpg 1 24 50 163 163
0002_0141_0110_0227_0227.jpg 1 141 110 227 227
0003_0063_0050_0112_0112.jpg 1 63 50 112 112
0004_0222_0045_0279_0279.jpg 1 222 45 279 279
0005_0270_0071_0259_0259.jpg 1 270 71 259 259
0006_0332_0150_0109_0109.jpg 1 332 150 109 109
0007_0117_0073_0084_0084.jpg 1 117 73 84 84
0008_0337_0127_0255_0255.jpg 1 337 127 255 255
0009_0129_0092_0126_0126.jpg 1 129 92 126 126
0010_0158_0061_0118_0118.jpg 1 158 61 118 118
0011_0093_0045_0105_0105.jpg 1 93 45 105 105
0012_0084_0131_0069_0069.jpg 1 84 131 69 69
0013_0067_0084_0104_0104.jpg 1 67 84 104 104
0014_0361_0140_0048_0048.jpg 1 361 140 48 48
0015_0046_0038_0162_0162.jpg 1 46 38 162 162
0016_0067_0084_0072_0072.jpg 1 67 84 72 72
0017_0134_0019_0095_0095.jpg 1 134 19 95 95
0018_0097_0256_0092_0092.jpg 1 97 256 92 92
0019_0056_0130_0062_0062.jpg 1 56 130 62 62
0020_0122_0129_0285_0285.jpg 1 122 129 285 285
0021_0110_0025_0087_0087.jpg 1 110 25 87 87
0022_0126_0073_0179_0179.jpg 1 126 73 179 179
0023_0022_0024_0166_0166.jpg 1 22 24 166 166
0024_0104_0064_0154_0154.jpg 1 104 64 154 154
0025_0074_0019_0113_0113.jpg 1 74 19 113 113
0026_0109_0048_0281_0281.jpg 1 109 48 281 281
0027_0102_0065_0095_0095.jpg 1 102 65 95 95
0028_0016_0119_0104_0104.jpg 1 16 119 104 104
0029_0437_0302_0131_0131.jpg 1 437 302 131 131
0030_0033_0086_0135_0135.jpg 1 33 86 135 135
0031_0212_0186_0087_0087.jpg 1 212 186 87 87
0032_0056_0133_0069_0069.jpg 1 56 133 69 69
0033_0184_0096_0064_0064.jpg 1 184 96 64 64
0034_0104_0143_0163_0163.jpg 1 104 143 163 163
0035_0189_0129_0174_0174.jpg 1 189 129 174 174
0036_0203_0080_0198_0198.jpg 1 203 80 198 198
0037_0116_0040_0140_0140.jpg 1 116 40 140 140
0038_0067_0085_0304_0304.jpg 1 67 85 304 304
0039_0109_0058_0146_0146.jpg 1 109 58 146 146
0040_0049_0063_0132_0132.jpg 1 49 63 132 132
0041_0084_0034_0113_0113.jpg 1 84 34 113 113
0042_0081_0058_0066_0066.jpg 1 81 58 66 66
0043_0140_0108_0052_0052.jpg 1 140 108 52 52
0044_0145_0227_0101_0101.jpg 1 145 227 101 101
0045_0079_0018_0074_0074.jpg 1 79 18 74 74
0046_0145_0077_0190_0190.jpg 1 145 77 190 190
0047_0026_0148_0062_0062.jpg 1 26 148 62 62
0048_0385_0074_0106_0106.jpg 1 385 74 106 106
0049_0056_0040_0138_0138.jpg 1 56 40 138 138
0050_0025_0096_0048_0048.jpg 1 25 96 48 48
0051_0420_0229_0172_0172.jpg 1 420 229 172 172
0052_0025_0026_0064_0064.jpg 1 25 26 64 64
0053_0326_0294_0132_0132.jpg 1 326 294 132 132
0054_0018_0046_0154_0154.jpg 1 18 46 154 154
0055_0085_0046_0049_0049.jpg 1 85 46 49 49
0056_0169_0130_0090_0090.jpg 1 169 130 90 90
0057_0143_0104_0205_0205.jpg 1 143 104 205 205
0058_0210_0047_0049_0049.jpg 1 210 47 49 49
0059_0079_0007_0113_0113.jpg 1 79 7 113 113
0060_0157_0158_0197_0197.jpg 1 157 158 197 197
0061_0183_0051_0177_0177.jpg 1 183 51 177 177
0062_0078_0020_0328_0328.jpg 1 78 20 328 328
0063_0095_0091_0134_0134.jpg 1 95 91 134 134
0064_0103_0067_0148_0148.jpg 1 103 67 148 148
0065_0057_0236_0161_0161.jpg 1 57 236 161 161
0066_0172_0019_0121_0121.jpg 1 172 19 121 121
0067_0053_0106_0081_0081.jpg 1 53 106 81 81
0068_0143_0092_0097_0097.jpg 1 143 92 97 97
0069_0073_0012_0161_0161.jpg 1 73 12 161 161
0070_0261_0079_0272_0272.jpg 1 261 79 272 272
0071_0132_0030_0057_0057.jpg 1 132 30 57 57
0072_0146_0043_0075_0075.jpg 1 146 43 75 75
0073_0041_0061_0143_0143.jpg 1 41 61 143 143
0074_0242_0251_0181_0181.jpg 1 242 251 181 181
0075_0255_0138_0133_0133.jpg 1 255 138 133 133
0076_0157_0114_0067_0067.jpg 1 157 114 67 67
0077_0444_0120_0141_0141.jpg 1 444 120 141 141
0078_0300_0105_0188_0188.jpg 1 300 105 188 188
0079_0051_0021_0143_0143.jpg 1 51 21 143 143
0080_0219_0137_0083_0083.jpg 1 219 137 83 83
0081_0117_0263_0084_0084.jpg 1 117 263 84 84
0082_0133_0117_0209_0209.jpg 1 133 117 209 209
0083_0017_0097_0052_0052.jpg 1 17 97 52 52
0084_0213_0089_0310_0310.jpg 1 213 89 310 310
0085_0015_0060_0091_0091.jpg 1 15 60 91 91
0086_0368_0089_0164_0164.jpg 1 368 89 164 164
0087_0169_0074_0065_0065.jpg 1 169 74 65 65
0088_0160_0089_0324_0324.jpg 1 160 89 324 324
0089_0087_0013_0166_0166.jpg 1 87 13 166 166
0090_0137_0063_0309_0309.jpg 1 137 63 309 309
0091_0303_0077_0159_0159.jpg 1 303 77 159 159
0092_0057_0068_0092_0092.jpg 1 57 68 92 92
0093_0043_0120_0081_0081.jpg 1 43 120 81 81
0094_0139_0046_0094_0094.jpg 1 139 46 94 94
0095_0072_0042_0133_0133.jpg 1 72 42 133 133
0096_0068_0296_0303_0303.jpg 1 68 296 303 303
0097_0046_0028_0095_0095.jpg 1 46 28 95 95
0098_0019_0148_0065_0065.jpg 1 19 148 65 65
0099_0040_0058_0055_0055.jpg 1 40 58 55 55
0100_0207_0186_0143_0143.jpg 1 207 186 143 143
0101_0163_0013_0131_0131.jpg 1 163 13 131 131
0102_0122_0057_0061_0061.jpg 1 122 57 61 61
0103_0229_0099_0228_0228.jpg 1 229 99 228 228
0104_0195_0065_0076_0076.jpg 1 195 65 76 76
0105_0094_0113_0244_0244.jpg 1 94 113 244 244
0106_0331_0066_0187_0187.jpg 1 331 66 187 187
0107_0376_0238_0181_0181.jpg 1 376 238 181 181
0108_0142_0146_0267_0267.jpg 1 142 146 267 267
0109_0165_0013_0119_0119.jpg 1 165 13 119 119
0110_0266_0054_0261_0261.jpg 1 266 54 261 261
0111_0230_0346_0061_0061.jpg 1 230 346 61 61
0112_0150_0192_0169_0169.jpg 1 150 192 169 169
0113_0049_0045_0123_0123.jpg 1 49 45 123 123
0114_0064_0051_0159_0159.jpg 1 64 51 159 159
0115_0040_0096_0279_0279.jpg 1 40 96 279 279
0116_0030_0044_0093_0093.jpg 1 30 44 93 93
0117_0470_0112_0095_0095.jpg 1 470 112 95 95
0118_0123_0042_0061_0061.jpg 1 123 42 61 61
0119_0105_0073_0152_0152.jpg 1 105 73 152 152
0120_0050_0100_0249_0249.jpg 1 50 100 249 249
0121_0390_0105_0155_0155.jpg 1 390 105 155 155
0122_0028_0089_0083_0083.jpg 1 28 89 83 83
0123_0266_0092_0233_0233.jpg 1 266 92 233 233
0124_0029_0188_0257_0257.jpg 1 29 188 257 257
0125_0064_0075_0098_0098.jpg 1 64 75 98 98
0126_0238_0251_0130_0130.jpg 1 238 251 130 130
0127_0141_0087_0273_0273.jpg 1 141 87 273 273
0128_0051_0018_0059_0059.jpg 1 51 18 59 59
